








Frequency of observations in the selected location(s).:
Number of taxa: 	293

	Jan				Feb				Mar				Apr				May				Jun				Jul				Aug				Sep				Oct				Nov				Dec				
Sample Size:	13.0	10.0	6.0	14.0	4.0	7.0	19.0	14.0	7.0	9.0	18.0	17.0	2.0	11.0	6.0	14.0	16.0	14.0	5.0	15.0	13.0	6.0	7.0	4.0	7.0	2.0	8.0	8.0	11.0	9.0	6.0	6.0	6.0	4.0	5.0	7.0	7.0	6.0	9.0	7.0	2.0	4.0	1.0	6.0	2.0	1.0	5.0	4.0	

Greater White-fronted Goose	0.0	0.0	0.0	0.0	0.0015	0.0	0.0	0.0	0.0	0.0015	0.05555555555555555	0.0	0.0	0.0	0.0	0.0	0.0	0.0	0.0	0.0	0.0	0.0	0.0	0.0	0.0	0.0	0.0	0.0	0.0	0.0	0.0	0.0	0.0	0.0	0.0	0.0	0.0	0.0	0.0	0.0	0.0	0.0	0.0	0.0	0.0015	0.0015	0.0015	0.25	
Snow Goose	0.0	0.0	0.0015	0.0	0.0015	0.0	0.0	0.0	0.14285714285714285	0.0015	0.1111111111111111	0.0	0.0	0.0	0.0	0.0	0.0	0.0	0.0	0.0	0.0	0.0	0.0	0.0	0.0	0.0	0.0	0.0	0.0	0.0	0.0	0.0	0.0	0.0	0.0	0.0	0.0	0.0	0.0	0.0	0.0015	0.25	0.0	0.0	0.0015	0.0	0.2	0.25	
Ross's Goose	0.0	0.0	0.0015	0.0	0.0015	0.0	0.0	0.0	0.0	0.0015	0.05555555555555555	0.0	0.0	0.0	0.0	0.0	0.0	0.0	0.0	0.0	0.0	0.0	0.0	0.0	0.0	0.0	0.0	0.0	0.0	0.0	0.0	0.0	0.0	0.0	0.0	0.0	0.0	0.0	0.0	0.0	0.0	0.0	0.0	0.0015	0.0	0.0	0.0	0.0	
Cackling Goose	0.0	0.0	0.0	0.0	0.0015	0.0	0.0	0.0	0.0	0.0	0.0	0.0	0.0	0.0	0.0	0.0	0.0	0.0	0.0	0.0	0.0	0.0	0.0	0.0	0.0	0.0	0.0	0.0	0.0	0.0	0.0	0.0	0.0	0.0	0.0	0.0	0.0	0.0	0.0	0.0	0.0	0.0	0.0	0.0	0.0	0.0	0.0	0.0	
Canada Goose	0.23076923076923078	0.0015	0.0015	0.0015	0.5	0.0	0.10526315789473684	0.0015	0.14285714285714285	0.0015	0.2222222222222222	0.17647058823529413	0.5	0.09090909090909091	0.16666666666666666	0.07142857142857142	0.125	0.21428571428571427	0.0015	0.06666666666666667	0.07692307692307693	0.0	0.0015	0.0015	0.0	0.0015	0.25	0.125	0.0015	0.1111111111111111	0.3333333333333333	0.0015	0.0	0.25	0.0015	0.14285714285714285	0.0	0.16666666666666666	0.1111111111111111	0.14285714285714285	0.0015	0.0015	0.0	0.0015	1.0	0.0015	0.2	0.25	
Tundra Swan	0.0015	0.0	0.0015	0.0	0.0	0.0	0.0	0.0	0.0	0.0	0.0	0.0	0.0	0.0	0.0	0.0	0.0	0.0	0.0	0.0	0.0	0.0	0.0	0.0	0.0	0.0	0.0	0.0	0.0	0.0	0.0	0.0	0.0	0.0	0.0	0.0	0.0	0.0	0.0	0.0	0.0	0.0	0.0	0.0	0.0	0.0	0.0015	0.0015	
Wood Duck	0.0	0.0	0.0	0.07142857142857142	0.0	0.0	0.05263157894736842	0.0015	0.2857142857142857	0.0015	0.2777777777777778	0.17647058823529413	0.0015	0.09090909090909091	0.0015	0.0015	0.0625	0.14285714285714285	0.0	0.0015	0.07692307692307693	0.0015	0.0015	0.0015	0.0015	0.0015	0.0015	0.0015	0.09090909090909091	0.0	0.16666666666666666	0.16666666666666666	0.16666666666666666	0.25	0.0015	0.2857142857142857	0.0015	0.16666666666666666	0.1111111111111111	0.14285714285714285	0.0015	0.0	0.0	0.0	0.0	0.0	0.0015	0.25	
Gadwall	0.07692307692307693	0.0015	0.0015	0.0015	0.0	0.0	0.15789473684210525	0.0015	0.0015	0.0015	0.16666666666666666	0.0015	0.0015	0.09090909090909091	0.0015	0.0	0.0625	0.0	0.0	0.0	0.0	0.0	0.0015	0.0	0.0015	0.0015	0.0	0.0	0.0	0.0	0.0	0.16666666666666666	0.0	0.0	0.0	0.0	0.0015	0.0	0.1111111111111111	0.0015	0.0015	0.0015	0.0	0.0015	1.0	0.0015	0.4	0.25	
American Wigeon	0.0	0.0015	0.0	0.0015	0.0015	0.0	0.0	0.0015	0.0015	0.0015	0.16666666666666666	0.0015	0.0015	0.09090909090909091	0.0	0.0	0.0	0.0	0.0	0.0	0.0	0.0	0.0	0.0	0.0	0.0	0.0	0.0	0.0	0.0	0.0	0.0	0.0	0.0	0.0	0.0	0.0015	0.0	0.1111111111111111	0.0015	0.0015	0.0015	0.0	0.0	0.5	0.0	0.2	0.25	
American Black Duck	0.07692307692307693	0.0015	0.0	0.07142857142857142	0.0015	0.0	0.0015	0.0015	0.14285714285714285	0.0015	0.05555555555555555	0.0015	0.0	0.0	0.0	0.0	0.0	0.0	0.0	0.0	0.0	0.0	0.0	0.0	0.0	0.0	0.0	0.0	0.0	0.0	0.0	0.0	0.0	0.0	0.0	0.0	0.0015	0.0	0.0	0.0	0.0015	0.0	0.0	0.0	0.5	0.0015	0.0015	0.25	
Mallard	0.23076923076923078	0.0015	0.0015	0.07142857142857142	0.5	0.0	0.2631578947368421	0.14285714285714285	0.42857142857142855	0.2222222222222222	0.2777777777777778	0.11764705882352941	0.0015	0.09090909090909091	0.16666666666666666	0.07142857142857142	0.125	0.14285714285714285	0.0015	0.06666666666666667	0.0015	0.16666666666666666	0.0015	0.0015	0.0015	0.0015	0.125	0.125	0.0015	0.0	0.16666666666666666	0.0015	0.0015	0.0	0.0	0.14285714285714285	0.0015	0.0015	0.1111111111111111	0.14285714285714285	0.5	0.0	1.0	0.0015	1.0	0.0015	0.4	0.25	
American Black Duck x Mallard (hybrid)	0.0	0.0015	0.0	0.0	0.0	0.0	0.0	0.0	0.0	0.0	0.0	0.0	0.0	0.0	0.0	0.0	0.0	0.0	0.0	0.0	0.0	0.0	0.0	0.0	0.0	0.0	0.0	0.0	0.0	0.0	0.0	0.0	0.0	0.0	0.0	0.0	0.0	0.0	0.0	0.0	0.0	0.0	0.0	0.0	0.0015	0.0	0.0	0.0	
Blue-winged Teal	0.0	0.0	0.0	0.0	0.0	0.0	0.0	0.0	0.0015	0.0015	0.16666666666666666	0.0015	0.5	0.09090909090909091	0.0015	0.0015	0.0625	0.0	0.0015	0.0	0.0015	0.0	0.0015	0.0	0.0015	0.0015	0.0	0.0	0.0	0.0	0.0	0.16666666666666666	0.16666666666666666	0.0015	0.0015	0.0015	0.0015	0.0	0.0015	0.0015	0.0015	0.0	0.0	0.0	0.0	0.0	0.0	0.0	
Northern Shoveler	0.0015	0.0	0.0015	0.0	0.0015	0.0	0.05263157894736842	0.0	0.14285714285714285	0.0015	0.16666666666666666	0.0015	0.0015	0.09090909090909091	0.0015	0.0	0.0625	0.0	0.0	0.0	0.0	0.0	0.0	0.0	0.0	0.0	0.0	0.0	0.0	0.0	0.0	0.16666666666666666	0.0	0.0015	0.0	0.0	0.0015	0.0	0.0	0.14285714285714285	0.0015	0.0	0.0	0.0	0.5	0.0015	0.0015	0.25	
Northern Pintail	0.0	0.0	0.0	0.0	0.0	0.0	0.05263157894736842	0.0015	0.0015	0.0015	0.1111111111111111	0.0015	0.0015	0.09090909090909091	0.0	0.0	0.0	0.0	0.0	0.0	0.0	0.0	0.0	0.0	0.0	0.0	0.0	0.0	0.0	0.0	0.0	0.0	0.0	0.0	0.0	0.0	0.0015	0.0	0.1111111111111111	0.0	0.0	0.0	0.0	0.0	0.5	0.0	0.0015	0.25	
Mallard x Northern Pintail (hybrid)	0.0	0.0	0.0	0.0	0.0	0.0	0.0015	0.0	0.0	0.0	0.0	0.0	0.0	0.0	0.0	0.0	0.0	0.0	0.0	0.0	0.0	0.0	0.0	0.0	0.0	0.0	0.0	0.0	0.0	0.0	0.0	0.0	0.0	0.0	0.0	0.0	0.0	0.0	0.0	0.0	0.0	0.0	0.0	0.0	0.0	0.0	0.0	0.0	
Green-winged Teal	0.0	0.0	0.0015	0.0015	0.0	0.0	0.0	0.0015	0.14285714285714285	0.0015	0.16666666666666666	0.0015	0.0015	0.09090909090909091	0.0015	0.0	0.0625	0.0	0.0	0.0	0.0	0.0	0.0	0.0	0.0	0.0	0.0	0.0	0.0	0.0	0.0	0.16666666666666666	0.0	0.0	0.0	0.0	0.0015	0.0015	0.1111111111111111	0.2857142857142857	0.0015	0.0	0.0015	0.0015	0.5	0.0015	0.2	0.25	
Canvasback	0.0	0.0	0.0	0.0	0.0	0.0	0.05263157894736842	0.0015	0.0015	0.0015	0.0	0.0015	0.0	0.0	0.0	0.0	0.0	0.0	0.0	0.0	0.0	0.0	0.0	0.0	0.0	0.0	0.0	0.0	0.0	0.0	0.0	0.0	0.0	0.0	0.0	0.0	0.0	0.0	0.0	0.0	0.0015	0.0	0.0	0.0	0.0	0.0015	0.0	0.0	
Redhead	0.0	0.0015	0.0	0.0015	0.0015	0.0	0.05263157894736842	0.0015	0.0015	0.0015	0.0	0.0015	0.0	0.0	0.0	0.0	0.0	0.0	0.0	0.0	0.0	0.0	0.0	0.0	0.0	0.0	0.0	0.0	0.0	0.0	0.0	0.0	0.0	0.0	0.0	0.0	0.0	0.0	0.0	0.0	0.0015	0.0	0.0	0.0	0.0	0.0015	0.0	0.0	
Ring-necked Duck	0.07692307692307693	0.0015	0.0	0.07142857142857142	0.0015	0.0	0.05263157894736842	0.0015	0.0015	0.0015	0.2222222222222222	0.0015	0.0015	0.0	0.0	0.0	0.0	0.0	0.0	0.0	0.0	0.0	0.0	0.0	0.0	0.0	0.0	0.0	0.0	0.0	0.0	0.0	0.0	0.0	0.0	0.0	0.0	0.0	0.1111111111111111	0.0015	0.0015	0.0015	0.0015	0.0015	1.0	0.0015	0.4	0.25	
Greater Scaup	0.0	0.0	0.0	0.0	0.25	0.0	0.0015	0.0	0.0	0.0015	0.0	0.0	0.0	0.0	0.0	0.0	0.0	0.0	0.0	0.0	0.0	0.0	0.0	0.0	0.0	0.0	0.0	0.0	0.0	0.0	0.0	0.0	0.0	0.0	0.0	0.0	0.0	0.0	0.0	0.0	0.0015	0.0	0.0	0.0	0.0	0.0015	0.0	0.0	
Lesser Scaup	0.0	0.0	0.0	0.0	0.0	0.0	0.0	0.0015	0.0015	0.0015	0.0	0.0015	0.0	0.0015	0.0	0.0	0.0	0.0	0.0	0.0	0.0	0.0	0.0	0.0	0.0	0.0	0.0	0.0	0.0	0.0	0.0	0.0	0.0	0.0	0.0	0.0015	0.0	0.0	0.0	0.0015	0.0015	0.0015	0.0	0.0015	0.0	0.0	0.0	0.0	
Surf Scoter	0.0	0.0	0.0	0.0	0.0	0.0	0.0	0.0	0.0	0.0	0.0	0.0	0.0	0.0	0.0	0.0015	0.0	0.0	0.0	0.0	0.0	0.0	0.0	0.0	0.0	0.0	0.0	0.0	0.0	0.0	0.0	0.0	0.0	0.0	0.0	0.0	0.0	0.0	0.0015	0.0	0.0015	0.0015	0.0015	0.0	0.0	0.0015	0.0	0.0	
Black Scoter	0.0	0.0	0.0	0.0	0.0	0.0	0.0015	0.0	0.0	0.0	0.0	0.0	0.0	0.0	0.0	0.0	0.0	0.0	0.0	0.0	0.0	0.0	0.0	0.0	0.0	0.0	0.0	0.0	0.0	0.0	0.0	0.0	0.0	0.0	0.0	0.0	0.0	0.0	0.0	0.0	0.0015	0.0015	0.0	0.0	0.0	0.0	0.0	0.0	
Long-tailed Duck	0.0	0.0	0.0	0.0015	0.0	0.0	0.0	0.0	0.0	0.0	0.0	0.0	0.0	0.0	0.0	0.0	0.0	0.0	0.0	0.0	0.0	0.0	0.0	0.0	0.0	0.0	0.0	0.0	0.0	0.0	0.0	0.0	0.0	0.0	0.0	0.0	0.0	0.0	0.0	0.0	0.0	0.0	0.0	0.0	0.0015	0.0	0.0	0.0	
Bufflehead	0.0	0.0015	0.0	0.07142857142857142	0.0	0.0	0.0	0.0	0.0015	0.0015	0.05555555555555555	0.0015	0.0	0.0	0.0	0.0	0.0	0.0	0.0	0.0	0.0	0.0	0.0	0.0	0.0	0.0	0.0	0.0	0.0	0.0	0.0	0.0	0.0	0.0	0.0	0.0	0.0	0.0	0.0	0.0	0.0015	0.0	0.0	0.0015	0.0	0.0015	0.2	0.0015	
Common Goldeneye	0.0	0.0015	0.0015	0.0015	0.0	0.0	0.0015	0.0	0.0015	0.0	0.05555555555555555	0.0	0.0	0.0	0.0	0.0	0.0	0.0	0.0	0.0	0.0	0.0	0.0	0.0	0.0	0.0	0.0	0.0	0.0	0.0	0.0	0.0	0.0	0.0	0.0	0.0	0.0	0.0	0.0	0.0	0.0	0.0	0.0	0.0	0.0015	0.0015	0.0	0.0015	
Hooded Merganser	0.15384615384615385	0.1	0.0015	0.07142857142857142	0.0	0.0	0.0	0.0	0.2857142857142857	0.0	0.1111111111111111	0.0015	0.0	0.0	0.0015	0.0015	0.0625	0.0015	0.0015	0.0015	0.0015	0.0	0.0015	0.0015	0.0015	0.0015	0.0	0.0015	0.0	0.0	0.0	0.0	0.0	0.0	0.0	0.0	0.0	0.0	0.0	0.0015	0.0015	0.0015	0.0	0.0015	0.0	0.0015	0.0015	0.25	
Common Merganser	0.0	0.0015	0.0	0.0	0.0	0.0	0.0	0.0	0.0	0.0	0.0	0.0	0.0	0.0	0.0	0.0	0.0	0.0	0.0	0.0	0.0	0.0	0.0	0.0	0.0	0.0	0.0	0.0	0.0	0.0	0.0	0.0	0.0	0.0	0.0	0.0	0.0	0.0	0.0	0.0	0.0	0.0	0.0	0.0	0.0	0.0	0.0	0.0	
Red-breasted Merganser	0.0	0.0	0.0	0.0	0.0	0.0	0.0015	0.0	0.0015	0.0	0.0	0.0015	0.0015	0.0	0.0015	0.0015	0.0	0.0	0.0	0.0	0.0	0.0	0.0	0.0	0.0	0.0	0.0	0.0	0.0	0.0	0.0	0.0	0.0	0.0	0.0	0.0	0.0	0.0	0.0	0.0	0.0015	0.0	0.0015	0.16666666666666666	0.0015	0.0015	0.0	0.0	
Ruddy Duck	0.0	0.1	0.0	0.0	0.0	0.0	0.0	0.0	0.0015	0.0015	0.0	0.0015	0.0015	0.0	0.0	0.0	0.0	0.0	0.0	0.0	0.0	0.0	0.0015	0.0	0.0	0.0015	0.0	0.0	0.0015	0.0	0.0	0.0	0.0	0.0	0.0	0.0	0.0	0.0	0.0	0.0015	0.0015	0.0	0.0	0.0	0.0	0.0015	0.0015	0.25	
Northern Bobwhite	0.07692307692307693	0.0	0.0	0.0	0.0015	0.0	0.0	0.0	0.0	0.0015	0.05555555555555555	0.0015	0.0	0.09090909090909091	0.16666666666666666	0.35714285714285715	0.0015	0.21428571428571427	0.0015	0.0015	0.23076923076923078	0.5	0.0015	0.0015	0.0015	0.0015	0.125	0.0015	0.09090909090909091	0.0	0.16666666666666666	0.0015	0.16666666666666666	0.0	0.0	0.0	0.2857142857142857	0.0	0.1111111111111111	0.0	0.0	0.0	0.0	0.0	0.5	0.0	0.0015	0.25	
Ruffed Grouse	0.0	0.0	0.0	0.0	0.0	0.0	0.0	0.0	0.0	0.0	0.1111111111111111	0.0	0.0	0.09090909090909091	0.0	0.0	0.0	0.0	0.0	0.0	0.0	0.0	0.0	0.0	0.0	0.0	0.0	0.0	0.0	0.0	0.0	0.0	0.0	0.0	0.0	0.0	0.0	0.0	0.0	0.0	1.0	0.0	0.0	0.0	0.0	0.0	0.0	0.0	
Wild Turkey	0.15384615384615385	0.0	0.0015	0.07142857142857142	0.0	0.14285714285714285	0.10526315789473684	0.0015	0.0015	0.1111111111111111	0.0015	0.058823529411764705	0.5	0.0015	0.16666666666666666	0.14285714285714285	0.0015	0.21428571428571427	0.0015	0.0015	0.23076923076923078	0.16666666666666666	0.14285714285714285	0.0015	0.0	0.0	0.375	0.0	0.0015	0.2222222222222222	0.0015	0.0	0.0	0.0	0.0015	0.14285714285714285	0.14285714285714285	0.0	0.0	0.14285714285714285	0.0	0.0	0.0	0.0	0.0015	0.0	0.0	0.0015	
Red-throated Loon	0.0	0.0	0.0	0.0	0.0	0.0	0.0	0.0	0.0	0.0	0.0	0.0015	0.0	0.0	0.0	0.0	0.0	0.0	0.0	0.0	0.0	0.0	0.0	0.0	0.0	0.0	0.0	0.0	0.0	0.0	0.0	0.0	0.0	0.0	0.0	0.0	0.0	0.0	0.0	0.0	0.0015	0.0	0.0	0.0	0.0015	0.0015	0.0	0.0	
Common Loon	0.07692307692307693	0.0	0.0	0.0015	0.0	0.0	0.0	0.0	0.0	0.0015	0.0015	0.0015	0.0	0.0	0.0	0.07142857142857142	0.0625	0.0	0.0	0.0	0.0	0.0	0.0	0.0	0.0	0.0	0.0	0.0015	0.0	0.0	0.0	0.0	0.0	0.0015	0.0	0.0	0.0	0.0	0.0	0.0015	0.0015	0.0015	1.0	0.16666666666666666	0.5	0.0015	0.2	0.0	
Pied-billed Grebe	0.23076923076923078	0.1	0.0	0.07142857142857142	0.25	0.0	0.05263157894736842	0.0	0.0015	0.0015	0.16666666666666666	0.0015	0.0015	0.09090909090909091	0.0015	0.0015	0.0015	0.0	0.0015	0.0015	0.0015	0.0	0.0015	0.0	0.0	0.0	0.0015	0.0015	0.0	0.0	0.0	0.16666666666666666	0.16666666666666666	0.0	0.0015	0.14285714285714285	0.0015	0.0015	0.2222222222222222	0.14285714285714285	0.0015	0.0015	1.0	0.16666666666666666	1.0	0.0015	0.4	0.25	
Horned Grebe	0.0	0.0015	0.0	0.0	0.0	0.0	0.05263157894736842	0.0	0.0015	0.0015	0.1111111111111111	0.0015	0.0	0.0	0.0015	0.0	0.0	0.0	0.0	0.0	0.0	0.0	0.0	0.0	0.0	0.0	0.0	0.0	0.0	0.0	0.0	0.0	0.0	0.0	0.0	0.0	0.0	0.0	0.0	0.0	0.0015	0.0015	0.0015	0.0015	0.5	0.0015	0.2	0.0	
Red-necked Grebe	0.0	0.0	0.0	0.0	0.0	0.0	0.0	0.0015	0.0	0.0	0.0	0.0	0.0	0.0	0.0	0.0	0.0	0.0	0.0	0.0	0.0	0.0	0.0	0.0	0.0	0.0	0.0	0.0	0.0	0.0	0.0	0.0	0.0	0.0	0.0	0.0	0.0	0.0	0.0	0.0	0.0	0.0	0.0	0.0	0.0	0.0	0.0	0.0	
Eared Grebe	0.0	0.0	0.0	0.0	0.0	0.0	0.0	0.0	0.0	0.0	0.0	0.0	0.0	0.0	0.0	0.0	0.0	0.0	0.0	0.0	0.0	0.0	0.0	0.0	0.0	0.0	0.0	0.0	0.0	0.0	0.0	0.0	0.0	0.0	0.0015	0.0	0.0	0.0	0.0	0.0	0.0	0.0	0.0	0.0	0.0015	0.0	0.0	0.0	
Double-crested Cormorant	0.07692307692307693	0.1	0.0015	0.0	0.0	0.0	0.0	0.0	0.0	0.0015	0.05555555555555555	0.0015	0.0	0.0	0.0015	0.07142857142857142	0.0	0.07142857142857142	0.0015	0.0015	0.0	0.0	0.0015	0.0015	0.0015	0.0015	0.125	0.125	0.0	0.0015	0.16666666666666666	0.16666666666666666	0.16666666666666666	0.0015	0.0015	0.14285714285714285	0.0015	0.0015	0.1111111111111111	0.14285714285714285	0.0015	0.0	1.0	0.0015	0.0	0.0	0.0	0.0	
American White Pelican	0.0	0.0	0.0	0.0015	0.0	0.0	0.0015	0.0	0.0015	0.0015	0.0	0.0	0.0	0.0	0.0015	0.0	0.0	0.0	0.0	0.0	0.0	0.0	0.0	0.0	0.0	0.0	0.0	0.0	0.0	0.0	0.0	0.0	0.0	0.0	0.0	0.0	0.0	0.0	0.0015	0.14285714285714285	0.0	0.0	0.0	0.0	0.0015	0.0	0.0	0.0	
American Bittern	0.0	0.0	0.0	0.0	0.0	0.0	0.0	0.0	0.0	0.0	0.0	0.0	0.0	0.09090909090909091	0.0	0.0015	0.0015	0.0	0.0	0.0	0.0	0.0	0.0	0.0	0.0	0.0	0.0	0.0	0.0	0.0	0.0	0.0	0.0	0.0	0.0	0.0	0.0015	0.0	0.1111111111111111	0.0	0.0	0.0	0.0	0.0	0.0	0.0	0.0	0.0	
Least Bittern	0.0	0.0	0.0	0.0	0.0	0.0	0.0	0.0	0.0	0.0	0.0	0.0	0.0	0.0	0.0	0.0	0.0	0.0	0.0	0.0	0.0	0.0	0.0015	0.0015	0.0	0.0015	0.0	0.0	0.0	0.0	0.0	0.0	0.0	0.0	0.0	0.0	0.0	0.0	0.1111111111111111	0.0	0.0	0.0	0.0	0.0	0.0	0.0	0.0	0.0	
Great Blue Heron	0.15384615384615385	0.0	0.16666666666666666	0.0	0.25	0.0	0.10526315789473684	0.07142857142857142	0.14285714285714285	0.0015	0.16666666666666666	0.0015	0.0015	0.18181818181818182	0.0015	0.07142857142857142	0.0015	0.14285714285714285	0.0015	0.06666666666666667	0.0015	0.3333333333333333	0.0015	0.25	0.0015	0.0015	0.125	0.25	0.18181818181818182	0.1111111111111111	0.3333333333333333	0.16666666666666666	0.5	0.5	0.0015	0.2857142857142857	0.14285714285714285	0.16666666666666666	0.1111111111111111	0.2857142857142857	0.0015	0.0	1.0	0.0015	1.0	0.0	0.2	0.25	
Great Egret	0.0015	0.0	0.0	0.0	0.0	0.0	0.0	0.0	0.0	0.0015	0.0	0.0	0.0015	0.09090909090909091	0.0015	0.0015	0.0625	0.07142857142857142	0.0015	0.06666666666666667	0.0015	0.0	0.0	0.0015	0.0015	0.0015	0.125	0.125	0.0015	0.1111111111111111	0.3333333333333333	0.16666666666666666	0.16666666666666666	0.0015	0.0015	0.0015	0.0015	0.0	0.1111111111111111	0.0015	0.0015	0.0	0.0	0.0	0.0	0.0	0.0	0.0	
Snowy Egret	0.0	0.0	0.0	0.0	0.0	0.0	0.0	0.0	0.0	0.0	0.0	0.0	0.0	0.0	0.0	0.0	0.0625	0.0	0.0	0.0	0.0	0.0	0.0	0.0	0.0	0.0	0.0	0.0015	0.0	0.0	0.0015	0.0	0.0	0.0015	0.0	0.0	0.0	0.0	0.0	0.0	0.0	0.0	0.0	0.0	0.0	0.0	0.0	0.0	
Little Blue Heron	0.0	0.0	0.0	0.0	0.0	0.0	0.0	0.0	0.0	0.0	0.0	0.0	0.0	0.0	0.0	0.0	0.0625	0.0	0.0	0.0	0.0	0.0	0.0	0.0	0.0	0.0015	0.0015	0.0015	0.0015	0.0015	0.0015	0.0	0.0015	0.0015	0.0015	0.0015	0.0	0.0	0.0	0.0	0.0	0.0	0.0	0.0	0.0	0.0	0.0	0.0	
Cattle Egret	0.0	0.0	0.0	0.0	0.0	0.0	0.0	0.0	0.0	0.0	0.0	0.0	0.0	0.0	0.0	0.0	0.0	0.0	0.0	0.0	0.0	0.0	0.0	0.0	0.0	0.0	0.0	0.0	0.0	0.0	0.0	0.0	0.0	0.0	0.0	0.0	0.0015	0.0	0.0	0.0	0.0	0.0	0.0	0.0	0.0	0.0	0.0	0.0	
Green Heron	0.0	0.0	0.0	0.0	0.0	0.0	0.0	0.0	0.0	0.0	0.0	0.0015	0.0015	0.0015	0.16666666666666666	0.07142857142857142	0.0	0.07142857142857142	0.0015	0.06666666666666667	0.15384615384615385	0.16666666666666666	0.0015	0.0015	0.0015	0.0015	0.125	0.25	0.2727272727272727	0.1111111111111111	0.3333333333333333	0.16666666666666666	0.3333333333333333	0.25	0.0015	0.0015	0.0	0.0015	0.0	0.0	0.0	0.0	0.0	0.0	0.0	0.0	0.0	0.0	
Black-crowned Night-Heron	0.0	0.0	0.0	0.0	0.0	0.0	0.0	0.0	0.0	0.0	0.0	0.0	0.0	0.0	0.0015	0.0	0.0	0.0	0.0	0.0015	0.0	0.0	0.0	0.0	0.0	0.0	0.0015	0.125	0.0	0.0015	0.0	0.16666666666666666	0.0015	0.0	0.0	0.0	0.0	0.0	0.1111111111111111	0.0	0.0	0.0	0.0	0.0	0.0	0.0	0.0	0.0	
Yellow-crowned Night-Heron	0.0	0.0	0.0	0.0	0.0	0.0	0.0	0.0	0.0	0.0	0.0	0.0	0.0	0.0	0.0	0.0	0.0625	0.0	0.0	0.0	0.07692307692307693	0.0	0.0	0.0	0.0	0.0	0.0	0.0	0.0	0.0	0.0	0.0	0.0	0.0	0.0	0.0	0.0	0.0	0.0	0.0	0.0	0.0	0.0	0.0	0.0	0.0	0.0	0.0	
Glossy Ibis	0.0	0.0	0.0	0.0	0.0	0.0	0.0	0.0	0.0	0.0	0.0	0.0	0.0	0.0	0.0	0.0	0.0	0.0	0.0	0.0	0.0	0.0	0.0	0.0	0.0	0.0	0.0	0.0	0.0	0.0	0.0	0.0	0.0	0.0	0.0	0.0	0.0	0.0015	0.0	0.0	0.0	0.0	0.0	0.0	0.0	0.0	0.0	0.0	
Black Vulture	0.07692307692307693	0.0015	0.0	0.0	0.0	0.0	0.10526315789473684	0.0	0.14285714285714285	0.1111111111111111	0.1111111111111111	0.0015	0.0015	0.0015	0.16666666666666666	0.14285714285714285	0.0625	0.14285714285714285	0.0	0.0	0.07692307692307693	0.3333333333333333	0.0	0.0	0.0015	0.0	0.0015	0.25	0.18181818181818182	0.1111111111111111	0.3333333333333333	0.0015	0.16666666666666666	0.25	0.0015	0.2857142857142857	0.0	0.16666666666666666	0.1111111111111111	0.14285714285714285	0.0	0.0	0.0015	0.0015	1.0	0.0	0.4	0.0	
Turkey Vulture	0.07692307692307693	0.0	0.0015	0.0	0.0015	0.0	0.10526315789473684	0.07142857142857142	0.2857142857142857	0.1111111111111111	0.3888888888888889	0.35294117647058826	0.5	0.45454545454545453	0.3333333333333333	0.35714285714285715	0.25	0.2857142857142857	0.0015	0.13333333333333333	0.3076923076923077	0.6666666666666666	0.14285714285714285	0.0015	0.2857142857142857	0.0	0.375	0.375	0.18181818181818182	0.2222222222222222	0.5	0.16666666666666666	0.5	0.25	0.4	0.5714285714285714	0.2857142857142857	0.6666666666666666	0.2222222222222222	0.42857142857142855	1.0	0.25	1.0	0.0015	1.0	0.0	0.6	0.0015	
Osprey	0.0	0.0	0.0	0.0	0.0	0.0	0.0	0.0	0.0	0.0015	0.05555555555555555	0.0	0.0015	0.09090909090909091	0.0	0.14285714285714285	0.0625	0.0	0.0	0.0	0.0	0.0	0.0	0.0	0.0	0.0	0.0	0.0	0.0	0.1111111111111111	0.0	0.0015	0.16666666666666666	0.25	0.0015	0.2857142857142857	0.0	0.16666666666666666	0.0	0.0015	0.0015	0.0	0.0	0.0	0.0	0.0	0.0	0.0	
Swallow-tailed Kite	0.0	0.0	0.0	0.0	0.0	0.0	0.0	0.0	0.0	0.0	0.0	0.0	0.0	0.0	0.0	0.0	0.0	0.0	0.0	0.0	0.0	0.0	0.0	0.0	0.0	0.0	0.0	0.0	0.0	0.1111111111111111	0.0015	0.0015	0.0	0.0	0.0	0.0	0.0	0.0	0.0	0.0	0.0	0.0	0.0	0.0	0.0	0.0	0.0	0.0	
Golden Eagle	0.0	0.0	0.0	0.0	0.0	0.0	0.0	0.0	0.0	0.0	0.0	0.0	0.0	0.0	0.0	0.0	0.0	0.0	0.0	0.0	0.0	0.0	0.0	0.0	0.0	0.0	0.0	0.0	0.0	0.0	0.0	0.0	0.0	0.0	0.0	0.0	0.0	0.0	0.0	0.0	0.0	0.0	0.0	0.0015	0.0	0.0	0.0	0.0	
Mississippi Kite	0.0	0.0	0.0	0.0	0.0	0.0	0.0	0.0	0.0	0.0	0.0	0.0	0.0	0.0	0.0	0.0	0.0625	0.0015	0.0	0.0	0.0	0.0	0.0015	0.0	0.0	0.0015	0.0015	0.0015	0.0	0.0015	0.0015	0.0015	0.0	0.0	0.0	0.0	0.0	0.0	0.0	0.0	0.0	0.0	0.0	0.0	0.0	0.0	0.0	0.0	
Northern Harrier	0.07692307692307693	0.0015	0.0015	0.0	0.0015	0.0	0.0	0.0	0.0	0.0	0.16666666666666666	0.0	0.0015	0.09090909090909091	0.0	0.0	0.0	0.0	0.0	0.0	0.0	0.0	0.0	0.0	0.0	0.0	0.0	0.0	0.0	0.1111111111111111	0.0	0.16666666666666666	0.0	0.0	0.0	0.0	0.0	0.16666666666666666	0.1111111111111111	0.14285714285714285	0.0	0.5	1.0	0.16666666666666666	1.0	0.0015	0.6	0.25	
Sharp-shinned Hawk	0.07692307692307693	0.0	0.16666666666666666	0.0	0.0	0.0	0.05263157894736842	0.0	0.0	0.0	0.0	0.0015	0.0	0.0	0.0	0.07142857142857142	0.0	0.0	0.0	0.0	0.0	0.0	0.0	0.0	0.0	0.0	0.0	0.0	0.0	0.0	0.0	0.0	0.0015	0.0	0.0	0.0015	0.0015	0.0015	0.2222222222222222	0.0015	0.0	0.0	0.0	0.0015	0.5	0.0	0.2	0.0015	
Cooper's Hawk	0.0	0.1	0.3333333333333333	0.14285714285714285	0.0015	0.0	0.10526315789473684	0.14285714285714285	0.14285714285714285	0.1111111111111111	0.05555555555555555	0.0015	0.0	0.0015	0.0015	0.07142857142857142	0.0	0.07142857142857142	0.0015	0.0015	0.0	0.0015	0.0015	0.0015	0.0	0.0	0.125	0.0015	0.09090909090909091	0.1111111111111111	0.3333333333333333	0.3333333333333333	0.16666666666666666	0.25	0.0015	0.0015	0.14285714285714285	0.0015	0.1111111111111111	0.14285714285714285	0.0015	0.0015	1.0	0.0	0.0	0.0	0.2	0.0	
Accipiter sp.	0.0	0.0	0.0	0.0	0.0	0.14285714285714285	0.0	0.0	0.0	0.0	0.0	0.0	0.0	0.0	0.0	0.0	0.0	0.0	0.0	0.0	0.0	0.0	0.0	0.0	0.0	0.0	0.0	0.0	0.0	0.1111111111111111	0.0	0.0	0.0	0.0	0.2	0.0	0.0	0.0	0.0	0.0	0.0	0.0	0.0	0.0	0.0	0.0	0.2	0.0	
Bald Eagle	0.0	0.0	0.16666666666666666	0.0	0.0015	0.14285714285714285	0.05263157894736842	0.0	0.14285714285714285	0.0015	0.16666666666666666	0.0015	0.0015	0.09090909090909091	0.0015	0.0015	0.0625	0.0015	0.0015	0.0015	0.0	0.0	0.0	0.0015	0.0	0.0	0.125	0.0015	0.0	0.0	0.0015	0.0015	0.16666666666666666	0.0015	0.0015	0.0015	0.0015	0.0	0.1111111111111111	0.0015	0.0015	0.0	0.0015	0.0015	0.5	0.0015	0.2	0.25	
Red-shouldered Hawk	0.0	0.0	0.0	0.0	0.0015	0.0	0.05263157894736842	0.0	0.14285714285714285	0.1111111111111111	0.16666666666666666	0.0015	0.0	0.0015	0.16666666666666666	0.07142857142857142	0.0	0.14285714285714285	0.0	0.0	0.23076923076923078	0.16666666666666666	0.0	0.0	0.0	0.0	0.125	0.0	0.0	0.0015	0.0	0.0015	0.0015	0.25	0.0015	0.14285714285714285	0.14285714285714285	0.0015	0.3333333333333333	0.14285714285714285	0.5	0.0	0.0	0.0015	0.5	0.0	0.4	0.5	
Broad-winged Hawk	0.0	0.0	0.0	0.0	0.0	0.0	0.0	0.0	0.0	0.0	0.0	0.0	0.0	0.18181818181818182	0.16666666666666666	0.07142857142857142	0.0	0.14285714285714285	0.0	0.0	0.07692307692307693	0.16666666666666666	0.0015	0.0015	0.0	0.0	0.0	0.0015	0.0015	0.1111111111111111	0.16666666666666666	0.0015	0.16666666666666666	0.0	0.0	0.2857142857142857	0.0	0.0	0.0	0.0	0.0	0.0	0.0	0.0	0.0	0.0	0.0	0.0	
Red-tailed Hawk	0.23076923076923078	0.1	0.0015	0.0015	0.0015	0.0	0.21052631578947367	0.07142857142857142	0.2857142857142857	0.1111111111111111	0.16666666666666666	0.058823529411764705	0.0015	0.09090909090909091	0.16666666666666666	0.07142857142857142	0.0625	0.2857142857142857	0.0015	0.06666666666666667	0.15384615384615385	0.0	0.0015	0.0015	0.0015	0.0	0.125	0.0015	0.18181818181818182	0.1111111111111111	0.3333333333333333	0.16666666666666666	0.0015	0.0015	0.0	0.2857142857142857	0.2857142857142857	0.3333333333333333	0.3333333333333333	0.14285714285714285	0.0015	0.0015	1.0	0.0015	1.0	0.0	0.4	0.5	
Rough-legged Hawk	0.07692307692307693	0.0	0.0	0.0	0.0015	0.0	0.0	0.0	0.0	0.0	0.0	0.0	0.0	0.0	0.0	0.0	0.0	0.0	0.0	0.0	0.0	0.0	0.0	0.0	0.0	0.0	0.0	0.0	0.0	0.0	0.0	0.0	0.0	0.0	0.0	0.0	0.0	0.0	0.0	0.0015	0.0	0.0	0.0	0.0	0.5	0.0	0.0	0.0	
Yellow Rail	0.0	0.0	0.0	0.0	0.0	0.0	0.0	0.0	0.0	0.0	0.0	0.0	0.0015	0.0	0.0	0.0	0.0	0.0	0.0	0.0	0.0	0.0	0.0	0.0	0.0	0.0	0.0	0.0	0.0	0.0	0.0	0.0	0.0	0.0	0.0	0.0	0.0	0.0	0.0	0.0	0.0	0.0	0.0	0.0	0.0	0.0	0.0	0.0	
King Rail	0.0	0.0	0.0	0.0	0.0	0.0	0.0	0.0	0.0	0.0	0.0	0.0	0.0	0.0	0.0	0.0	0.0	0.0	0.0	0.0	0.0	0.0	0.0	0.0	0.0	0.0	0.0	0.0	0.0	0.0	0.0	0.0	0.0	0.0	0.0	0.0	0.0015	0.0	0.0015	0.0	0.0	0.0	0.0	0.0	0.0	0.0	0.0	0.0	
Virginia Rail	0.0	0.0	0.0	0.0	0.0	0.0	0.0	0.0	0.0	0.0	0.0	0.0	0.0015	0.09090909090909091	0.0	0.0015	0.0015	0.07142857142857142	0.0	0.0	0.0015	0.0015	0.0	0.0	0.0	0.0	0.0	0.0	0.0015	0.0	0.0	0.0	0.0	0.0	0.0	0.0	0.0015	0.0	0.0	0.0	0.0	0.0	0.0	0.0	0.0	0.0	0.0	0.0	
Sora	0.0	0.0	0.0	0.0	0.0	0.0	0.0	0.0	0.0	0.0	0.0	0.0	0.0	0.09090909090909091	0.0	0.0	0.0	0.0	0.0	0.0	0.0	0.0	0.0	0.0	0.0	0.0	0.0	0.0	0.0015	0.0015	0.0	0.16666666666666666	0.0	0.0	0.0	0.0	0.0015	0.0	0.0015	0.0	0.0	0.0	0.0	0.0	0.0	0.0	0.0	0.0	
Common Gallinule	0.0	0.0	0.0	0.0	0.0	0.0	0.0	0.0	0.0	0.0	0.0	0.0	0.0	0.0	0.0	0.0	0.0	0.0	0.0	0.0	0.0	0.0	0.0015	0.0	0.0015	0.0015	0.0	0.0	0.0015	0.0	0.0	0.16666666666666666	0.0	0.0	0.0	0.0	0.0	0.0	0.0	0.0	0.0	0.0	0.0	0.0	0.0	0.0	0.0	0.0	
American Coot	0.0	0.0015	0.0	0.07142857142857142	0.25	0.0	0.05263157894736842	0.0	0.0015	0.0015	0.2222222222222222	0.058823529411764705	0.0015	0.09090909090909091	0.0015	0.0015	0.0	0.0	0.0	0.0	0.0	0.0	0.0015	0.0	0.0	0.0015	0.0	0.0	0.0	0.0	0.0	0.16666666666666666	0.0	0.0	0.0	0.0015	0.0015	0.0015	0.1111111111111111	0.14285714285714285	0.5	0.0015	0.0015	0.16666666666666666	1.0	0.0	0.2	0.25	
Sandhill Crane	0.0	0.0	0.0	0.0	0.0015	0.0015	0.0	0.0015	0.0015	0.0015	0.0	0.0015	0.0	0.0	0.0	0.0	0.0	0.0	0.0	0.0	0.0	0.0	0.0	0.0	0.0	0.0	0.0	0.0	0.0	0.0	0.0	0.0	0.0	0.0	0.0	0.0	0.0	0.0	0.0	0.0	0.0015	0.0	1.0	0.0	0.5	0.0	0.0	0.0015	
Black-necked Stilt	0.0	0.0	0.0	0.0	0.0	0.0	0.0	0.0	0.0	0.0	0.0	0.0	0.0	0.0	0.0	0.0	0.0625	0.0	0.0	0.06666666666666667	0.0015	0.0	0.0015	0.0015	0.0015	0.0	0.0	0.0	0.0	0.0	0.0	0.0	0.0	0.0	0.0	0.0	0.0	0.0	0.0	0.0	0.0	0.0	0.0	0.0	0.0	0.0	0.0	0.0	
American Avocet	0.0	0.0	0.0	0.0	0.0	0.0	0.0	0.0	0.0	0.0	0.0	0.0	0.0	0.0	0.0	0.0	0.0	0.0	0.0	0.0	0.0	0.0	0.0	0.0	0.0	0.0	0.0	0.0	0.0	0.0015	0.0	0.0	0.0	0.0	0.0	0.0015	0.0	0.0	0.0	0.0	0.0	0.0	0.0	0.0	0.0	0.0	0.0	0.0	
Black-bellied Plover	0.0	0.0	0.0	0.0	0.0	0.0	0.0	0.0	0.0	0.0	0.0	0.0	0.0	0.0	0.0	0.0	0.0	0.0	0.0	0.0	0.0	0.0	0.0	0.0	0.0	0.0	0.0	0.0	0.0	0.0	0.0	0.0	0.0	0.0	0.0	0.0	0.0	0.0	0.0	0.0015	0.0	0.0	0.0	0.0	0.0	0.0	0.0	0.0	
American Golden-Plover	0.0	0.0	0.0	0.0	0.0	0.0	0.0	0.0	0.0015	0.0	0.05555555555555555	0.0015	0.5	0.0	0.0	0.0	0.0	0.0	0.0	0.0	0.0	0.0	0.0015	0.0	0.0	0.0	0.0	0.0	0.0	0.0	0.0	0.0	0.0	0.0	0.0	0.0	0.0	0.16666666666666666	0.0	0.0	0.0015	0.0	0.0	0.0	0.0	0.0	0.0	0.0	
Semipalmated Plover	0.0	0.0	0.0	0.0	0.0	0.0	0.0	0.0	0.0	0.0	0.0	0.0	0.0	0.0015	0.0015	0.07142857142857142	0.0015	0.0	0.0015	0.13333333333333333	0.0015	0.0	0.0	0.0	0.0	0.0	0.0	0.0015	0.0015	0.0	0.16666666666666666	0.16666666666666666	0.16666666666666666	0.0015	0.0	0.0	0.0	0.0	0.0	0.0015	0.0	0.0	0.0	0.0	0.0	0.0	0.0	0.0	
Killdeer	0.07692307692307693	0.0	0.16666666666666666	0.0015	0.0	0.0015	0.10526315789473684	0.0015	0.2857142857142857	0.0015	0.16666666666666666	0.0015	0.0015	0.18181818181818182	0.16666666666666666	0.2857142857142857	0.0015	0.2857142857142857	0.0015	0.13333333333333333	0.15384615384615385	0.16666666666666666	0.0	0.0015	0.14285714285714285	0.0015	0.25	0.125	0.09090909090909091	0.2222222222222222	0.5	0.16666666666666666	0.3333333333333333	0.5	0.2	0.0015	0.0015	0.5	0.1111111111111111	0.2857142857142857	0.5	0.0015	1.0	0.0015	1.0	0.0	0.4	0.25	
Spotted Sandpiper	0.0	0.0	0.0	0.0	0.0	0.0	0.0	0.0	0.0	0.0	0.0	0.0	0.0	0.0015	0.0015	0.07142857142857142	0.0625	0.14285714285714285	0.0015	0.06666666666666667	0.0015	0.0	0.0	0.0	0.0	0.0015	0.0015	0.25	0.0015	0.0015	0.0015	0.16666666666666666	0.5	0.25	0.0015	0.0015	0.0	0.16666666666666666	0.0	0.14285714285714285	0.0	0.0	0.0	0.0	0.0	0.0	0.0	0.0	
Solitary Sandpiper	0.0	0.0	0.0	0.0	0.0	0.0	0.0	0.0	0.0	0.0	0.0	0.0	0.0	0.09090909090909091	0.0015	0.21428571428571427	0.0625	0.0015	0.0015	0.0015	0.0	0.0	0.0	0.0	0.0015	0.0015	0.0015	0.125	0.0015	0.0015	0.16666666666666666	0.0015	0.16666666666666666	0.0015	0.0	0.0	0.0	0.0	0.0	0.0	0.0	0.0	0.0	0.0	0.0	0.0	0.0	0.0	
Greater Yellowlegs	0.0	0.0	0.0	0.0	0.0	0.0	0.0	0.0	0.0	0.1111111111111111	0.1111111111111111	0.0015	0.0015	0.09090909090909091	0.0015	0.14285714285714285	0.0625	0.0	0.0	0.0	0.0	0.0	0.0	0.0	0.0	0.0015	0.0015	0.125	0.0015	0.0015	0.16666666666666666	0.0015	0.16666666666666666	0.0015	0.0015	0.0015	0.0015	0.16666666666666666	0.1111111111111111	0.14285714285714285	0.0015	0.0	0.0	0.0	0.0	0.0	0.0	0.0	
Willet	0.0	0.0	0.0	0.0	0.0	0.0	0.0	0.0	0.0	0.0	0.0	0.0	0.0	0.0	0.0	0.0015	0.0015	0.0	0.0	0.0	0.0	0.0	0.0	0.0	0.0	0.0	0.0	0.0	0.0	0.0	0.0015	0.0015	0.0	0.0	0.0	0.0	0.0	0.0	0.0	0.0	0.0	0.0	0.0	0.0	0.0	0.0	0.0	0.0	
Lesser Yellowlegs	0.0	0.0	0.0	0.0	0.0	0.0	0.0	0.0	0.0	0.1111111111111111	0.1111111111111111	0.0015	0.0015	0.09090909090909091	0.0015	0.2857142857142857	0.0625	0.0015	0.0015	0.0	0.0	0.0	0.0	0.0	0.0015	0.0015	0.0015	0.125	0.0015	0.0015	0.0015	0.3333333333333333	0.16666666666666666	0.0015	0.2	0.0	0.0015	0.16666666666666666	0.0015	0.14285714285714285	0.0015	0.0	0.0	0.0	0.0	0.0	0.0	0.0	
Greater/Lesser Yellowlegs	0.0	0.0	0.0	0.0	0.0	0.0	0.0	0.0	0.0	0.0	0.0	0.0	0.0	0.0	0.0	0.0	0.0	0.0	0.0	0.0	0.0	0.0	0.0	0.0	0.0015	0.0	0.0	0.0	0.0	0.0	0.0	0.0	0.0	0.0	0.0	0.0	0.0	0.0	0.0	0.0	0.0	0.0	0.0	0.0	0.0	0.0	0.0	0.0	
Hudsonian Godwit	0.0	0.0	0.0	0.0	0.0	0.0	0.0	0.0	0.0	0.0	0.0	0.0	0.0	0.0	0.0	0.0	0.0	0.0	0.0	0.0	0.0	0.0	0.0	0.0	0.0	0.0	0.0	0.0	0.0	0.0	0.0	0.0	0.0	0.0	0.2	0.0	0.0	0.0	0.0	0.0	0.0	0.0	0.0	0.0	0.0	0.0	0.0	0.0	
Marbled Godwit	0.0	0.0	0.0	0.0	0.0	0.0	0.0	0.0	0.0	0.0	0.0	0.0	0.0	0.0	0.0	0.0015	0.0	0.0	0.0	0.0	0.0	0.0	0.0	0.0	0.0	0.0	0.0	0.0	0.0015	0.0	0.0	0.0	0.0	0.0	0.0	0.0	0.0	0.0	0.0	0.0	0.0	0.0	0.0	0.0	0.0	0.0	0.0	0.0	
Ruddy Turnstone	0.0	0.0	0.0	0.0	0.0	0.0	0.0	0.0	0.0	0.0	0.0	0.0	0.0	0.0	0.0	0.0	0.0	0.0	0.0	0.0	0.0	0.0	0.0	0.0	0.0	0.0	0.0	0.0	0.0	0.0	0.0	0.0015	0.0	0.0015	0.0	0.0	0.0	0.0	0.0	0.0	0.0	0.0	0.0	0.0	0.0	0.0	0.0	0.0	
Stilt Sandpiper	0.0	0.0	0.0	0.0	0.0	0.0	0.0	0.0	0.0	0.0	0.0	0.0	0.0	0.0	0.0	0.0	0.0	0.0	0.0	0.0	0.0	0.0	0.0	0.0	0.0	0.0	0.0	0.0015	0.0015	0.0	0.0015	0.16666666666666666	0.0	0.0	0.0015	0.0	0.0	0.16666666666666666	0.0	0.14285714285714285	0.0	0.0	0.0	0.0	0.0	0.0	0.0	0.0	
Sanderling	0.0	0.0	0.0	0.0	0.0	0.0	0.0	0.0	0.0	0.0	0.0	0.0	0.0	0.0	0.0	0.0	0.0015	0.0	0.0	0.0	0.0	0.0	0.0	0.0	0.0	0.0	0.0	0.0	0.0015	0.0015	0.0015	0.0	0.0	0.0015	0.0015	0.0	0.0	0.0	0.0	0.0	0.0	0.0	0.0	0.0	0.0	0.0	0.0	0.0	
Dunlin	0.0	0.0	0.0	0.0	0.0	0.14285714285714285	0.0	0.0015	0.0015	0.0	0.0	0.0	0.0	0.0015	0.0	0.0	0.0	0.0	0.0	0.06666666666666667	0.0015	0.0	0.0	0.0	0.0	0.0	0.0	0.0	0.0	0.0	0.0	0.0	0.0	0.0	0.0	0.0	0.0015	0.16666666666666666	0.2222222222222222	0.14285714285714285	0.0015	0.0015	0.0015	0.0015	0.0	0.0	0.0	0.0	
Baird's Sandpiper	0.0	0.0	0.0	0.0	0.0	0.0	0.0	0.0	0.0	0.0	0.0	0.0	0.0	0.0	0.0	0.0	0.0	0.0	0.0	0.0	0.0	0.0	0.0	0.0	0.0	0.0	0.0	0.0	0.0	0.0	0.0015	0.0	0.0	0.0015	0.0	0.0	0.0	0.0	0.0	0.0	0.0	0.0	0.0	0.0	0.0	0.0	0.0	0.0	
Least Sandpiper	0.07692307692307693	0.0	0.0	0.0	0.0	0.14285714285714285	0.0	0.0	0.14285714285714285	0.1111111111111111	0.0015	0.0	0.0015	0.09090909090909091	0.0	0.07142857142857142	0.0625	0.07142857142857142	0.0015	0.06666666666666667	0.0	0.0	0.0	0.0	0.0015	0.0015	0.0015	0.125	0.0015	0.0015	0.0015	0.5	0.3333333333333333	0.0015	0.0015	0.14285714285714285	0.14285714285714285	0.16666666666666666	0.2222222222222222	0.2857142857142857	0.0015	0.0	0.0015	0.0	0.0015	0.0	0.0	0.0	
White-rumped Sandpiper	0.0	0.0	0.0	0.0	0.0	0.0	0.0	0.0	0.0	0.0	0.0	0.0	0.0	0.0	0.0	0.0	0.0	0.0	0.0	0.0	0.0015	0.0	0.0	0.0	0.0	0.0	0.0	0.0	0.0	0.0	0.0	0.0	0.0	0.0	0.0	0.0	0.0	0.0	0.0	0.0	0.0	0.0	0.0	0.0	0.0	0.0	0.0	0.0	
Buff-breasted Sandpiper	0.0	0.0	0.0	0.0	0.0	0.0	0.0	0.0	0.0	0.0	0.0	0.0	0.0	0.0	0.0	0.0	0.0	0.0	0.0	0.0	0.0	0.0	0.0	0.0	0.0	0.0	0.0	0.0	0.0	0.0	0.0015	0.16666666666666666	0.0	0.0	0.0	0.0	0.0	0.0	0.0	0.0	0.0	0.0	0.0	0.0	0.0	0.0	0.0	0.0	
Pectoral Sandpiper	0.0	0.0	0.0	0.0	0.0	0.0	0.0	0.0015	0.14285714285714285	0.2222222222222222	0.1111111111111111	0.0015	0.5	0.09090909090909091	0.0015	0.2857142857142857	0.0015	0.0	0.0	0.0	0.0	0.0	0.0	0.0	0.0	0.0015	0.0015	0.0015	0.0015	0.0015	0.0015	0.5	0.16666666666666666	0.0015	0.0015	0.0015	0.14285714285714285	0.16666666666666666	0.0	0.14285714285714285	0.0015	0.0	0.0	0.0	0.0	0.0	0.0	0.0	
Semipalmated Sandpiper	0.0	0.0	0.0	0.0	0.0	0.0	0.0	0.0	0.0	0.0	0.0	0.0	0.0	0.0	0.0	0.0	0.0	0.0	0.0	0.06666666666666667	0.0015	0.0	0.0015	0.0	0.0	0.0	0.0	0.0	0.0015	0.0015	0.0015	0.5	0.3333333333333333	0.0015	0.0	0.0015	0.14285714285714285	0.0	0.0	0.0	0.0	0.0	0.0	0.0	0.0	0.0	0.0	0.0	
Western Sandpiper	0.0	0.0	0.0	0.0	0.0	0.0	0.0	0.0	0.0	0.0	0.0	0.0	0.0	0.0	0.0	0.0	0.0	0.0	0.0	0.0	0.0	0.0	0.0	0.0	0.0	0.0	0.0	0.0015	0.0	0.0015	0.0015	0.0	0.3333333333333333	0.0015	0.0015	0.0	0.0	0.16666666666666666	0.0	0.14285714285714285	0.0015	0.0	0.0	0.0	0.0	0.0	0.0	0.0	
peep sp.	0.0	0.0	0.0	0.0	0.0	0.0	0.0	0.0	0.0	0.0	0.0	0.0	0.0	0.0	0.0	0.07142857142857142	0.0	0.0	0.0	0.0	0.0	0.0	0.0	0.0	0.0015	0.0	0.0	0.0	0.0	0.0	0.0	0.0	0.0	0.0	0.0	0.0	0.0	0.0	0.0	0.0	0.0	0.0	0.0	0.0	0.0	0.0	0.0	0.0	
Short-billed Dowitcher	0.0	0.0	0.0	0.0	0.0	0.0	0.0	0.0	0.0	0.0	0.0	0.0	0.0	0.0	0.0	0.07142857142857142	0.0	0.0	0.0	0.0	0.0	0.0	0.0	0.0	0.0	0.0015	0.0015	0.0015	0.0015	0.0015	0.0015	0.16666666666666666	0.0	0.0015	0.0	0.0	0.0	0.0	0.0	0.0	0.0	0.0	0.0	0.0	0.0	0.0	0.0	0.0	
Long-billed Dowitcher	0.0	0.0	0.0	0.0	0.0	0.0	0.0	0.0	0.0	0.0	0.0	0.0	0.0	0.0	0.0	0.0	0.0	0.0	0.0	0.0	0.0	0.0	0.0	0.0	0.0	0.0	0.0	0.0	0.0015	0.0	0.0	0.0	0.0	0.0	0.0	0.0	0.0	0.0	0.0	0.0	0.0	0.0	0.0	0.0	0.0	0.0	0.0	0.0	
Short-billed/Long-billed Dowitcher	0.0	0.0	0.0	0.0	0.0	0.0	0.0	0.0	0.0	0.0	0.0	0.0	0.0	0.0	0.0	0.0	0.0	0.0	0.0	0.0	0.0	0.0	0.0	0.0	0.0	0.0	0.0015	0.0	0.0	0.0	0.0	0.0	0.0	0.0	0.0	0.0	0.0	0.16666666666666666	0.0	0.0	0.0	0.0	0.0	0.0	0.0	0.0	0.0	0.0	
Wilson's Snipe	0.07692307692307693	0.0	0.0	0.0	0.0	0.0	0.15789473684210525	0.0	0.0	0.0015	0.05555555555555555	0.0015	0.0015	0.09090909090909091	0.0015	0.07142857142857142	0.0015	0.0	0.0015	0.0	0.0	0.0	0.0	0.0	0.0	0.0	0.0	0.0	0.0	0.0	0.0015	0.0015	0.0	0.0015	0.0	0.0015	0.0015	0.16666666666666666	0.1111111111111111	0.0015	0.0015	0.0	0.0	0.0015	0.5	0.0	0.0	0.0	
American Woodcock	0.0015	0.0	0.0	0.0	0.0015	0.0	0.0015	0.07142857142857142	0.0015	0.0	0.05555555555555555	0.0	0.0015	0.0015	0.0	0.0	0.0	0.0	0.0	0.0	0.0	0.0015	0.0	0.0	0.0	0.0	0.0	0.0	0.0	0.0	0.0	0.0	0.0	0.0	0.0	0.0	0.0	0.0	0.0015	0.0	0.0	0.0	0.0	0.0	0.0	0.0	0.0	0.0015	
Wilson's Phalarope	0.0	0.0	0.0	0.0	0.0	0.0	0.0	0.0	0.0	0.0	0.0	0.0	0.0	0.0	0.0	0.0	0.0	0.0015	0.0	0.0	0.0	0.0	0.0	0.0	0.0	0.0	0.0	0.0	0.0	0.0	0.0	0.0	0.0	0.0	0.0	0.0	0.0	0.0	0.0	0.0	0.0	0.0	0.0	0.0	0.0	0.0	0.0	0.0	
Red-necked Phalarope	0.0	0.0	0.0	0.0	0.0	0.0	0.0	0.0	0.0	0.0	0.0	0.0	0.0	0.0	0.0	0.0	0.0	0.0	0.0	0.0	0.0	0.0	0.0	0.0	0.0	0.0	0.0	0.0	0.0	0.0	0.0	0.0	0.0	0.0015	0.0	0.0	0.0	0.0	0.0	0.0	0.0	0.0	0.0	0.0	0.0	0.0	0.0	0.0	
Red Phalarope	0.0	0.0	0.0	0.0	0.0	0.0	0.0	0.0	0.0	0.0	0.0	0.0	0.0	0.0	0.0	0.0	0.0	0.0	0.0	0.0	0.0	0.0	0.0	0.0	0.0	0.0	0.0	0.0	0.0	0.0	0.0	0.0	0.0	0.0015	0.0015	0.0	0.0	0.0	0.0	0.0	0.0	0.0	0.0	0.0	0.0	0.0	0.0	0.0	
Bonaparte's Gull	0.07692307692307693	0.0015	0.0	0.07142857142857142	0.0	0.0015	0.0	0.0	0.0	0.0015	0.1111111111111111	0.0015	0.0	0.0	0.0	0.0	0.0	0.0	0.0	0.0	0.0	0.0	0.0	0.0	0.0	0.0	0.0	0.0	0.0	0.0	0.0	0.0	0.0	0.0	0.0	0.0	0.0015	0.0	0.0	0.0015	0.0015	0.0015	1.0	0.0015	0.5	0.0015	0.2	0.0015	
Laughing Gull	0.0	0.0	0.0	0.0	0.0	0.0	0.0	0.0	0.0	0.0	0.0	0.0	0.0	0.0	0.0	0.0	0.0	0.0	0.0	0.0	0.0	0.0	0.0	0.0	0.0	0.0	0.0	0.0015	0.0	0.0	0.0	0.0	0.0	0.0015	0.0	0.0	0.0015	0.0	0.0	0.0	0.0	0.0	0.0	0.0015	0.0	0.0015	0.0	0.0	
Franklin's Gull	0.0	0.0	0.0	0.0	0.0	0.0	0.0	0.0	0.0	0.0	0.0	0.0	0.0	0.0	0.0	0.0015	0.0	0.0	0.0	0.0	0.0	0.0	0.0015	0.0	0.0	0.0	0.0	0.0	0.0	0.0	0.0	0.0	0.0	0.0	0.0	0.0	0.0015	0.0	0.0	0.0015	0.0015	0.0	0.0	0.0	0.0	0.0	0.0	0.0	
Ring-billed Gull	0.07692307692307693	0.0015	0.16666666666666666	0.07142857142857142	0.5	0.0	0.05263157894736842	0.0	0.2857142857142857	0.1111111111111111	0.2222222222222222	0.058823529411764705	0.0	0.0	0.0	0.07142857142857142	0.0	0.0	0.0	0.06666666666666667	0.0	0.0	0.0	0.0	0.0	0.0	0.0015	0.0015	0.0	0.0015	0.0	0.0	0.0	0.0	0.0015	0.0	0.0	0.0	0.1111111111111111	0.14285714285714285	0.0015	0.0015	0.0015	0.0015	0.5	0.0015	0.4	0.25	
California Gull	0.0	0.0	0.0	0.0	0.0	0.0	0.0	0.0	0.0	0.0	0.0	0.0	0.0	0.0	0.0	0.0	0.0015	0.0	0.0	0.0	0.0	0.0	0.0	0.0	0.0	0.0	0.0	0.0	0.0	0.0	0.0	0.0	0.0	0.0	0.0	0.0	0.0	0.0	0.0	0.0	0.0	0.0	0.0	0.0	0.0	0.0	0.0	0.0	
Herring Gull	0.0	0.0	0.0	0.0	0.25	0.0	0.0	0.0	0.0	0.0	0.0	0.0	0.0	0.0	0.0	0.0	0.0	0.0	0.0	0.0	0.0	0.0	0.0	0.0	0.0	0.0	0.0	0.0	0.0	0.0015	0.0	0.0	0.0	0.0015	0.0	0.0	0.0	0.0	0.0	0.14285714285714285	0.0	0.0	0.0015	0.0015	0.0015	0.0	0.0	0.25	
Thayer's Gull	0.0	0.0	0.0	0.0	0.0	0.0	0.0015	0.0	0.0015	0.0	0.0	0.0	0.0	0.0	0.0	0.0	0.0	0.0	0.0	0.0	0.0	0.0	0.0	0.0	0.0	0.0	0.0	0.0	0.0	0.0	0.0	0.0	0.0	0.0	0.0	0.0	0.0	0.0	0.0	0.0	0.0	0.0	0.0	0.0	0.0	0.0	0.0	0.0	
Lesser Black-backed Gull	0.0	0.0	0.0	0.0	0.0	0.0	0.0015	0.0	0.0	0.0015	0.0	0.0	0.0	0.0	0.0	0.0	0.0	0.0	0.0	0.0	0.0	0.0	0.0	0.0	0.0	0.0	0.0	0.0	0.0	0.0	0.0	0.0	0.0	0.0	0.0	0.0	0.0015	0.0	0.0	0.0	0.0	0.0	0.0	0.0	0.0	0.0	0.0015	0.0	
Glaucous Gull	0.0	0.0	0.0	0.0	0.0	0.0	0.0	0.0	0.0	0.0	0.0	0.0	0.0	0.0	0.0	0.0	0.0	0.0	0.0	0.0	0.0	0.0	0.0	0.0	0.0	0.0	0.0	0.0	0.0	0.0	0.0	0.0	0.0	0.0	0.0	0.0	0.0	0.0	0.0	0.0	0.0	0.0	0.0	0.0	0.0	0.0015	0.0	0.0	
Least Tern	0.0	0.0	0.0	0.0	0.0	0.0	0.0	0.0	0.0	0.0	0.0	0.0	0.0	0.0	0.0	0.0	0.0	0.0	0.0	0.0	0.0	0.0	0.0015	0.0	0.0	0.0	0.0015	0.0015	0.0	0.0015	0.0015	0.0	0.0	0.0	0.0	0.0	0.0	0.0	0.0	0.0	0.0	0.0	0.0	0.0	0.0	0.0	0.0	0.0	
Caspian Tern	0.0	0.0	0.0	0.0	0.0	0.0	0.0	0.0	0.0	0.0	0.0	0.0	0.0	0.0	0.0015	0.0	0.0	0.0	0.0	0.0015	0.0	0.0	0.0015	0.0	0.0	0.0	0.0	0.0	0.0	0.0015	0.0	0.16666666666666666	0.0	0.0015	0.0015	0.0	0.0	0.0	0.0	0.0	0.0	0.0	0.0	0.0	0.0	0.0	0.0	0.0	
Black Tern	0.0	0.0	0.0	0.0	0.0	0.0	0.0	0.0	0.0	0.0	0.0	0.0	0.0	0.0	0.0	0.0	0.0	0.0	0.0	0.0	0.0	0.0	0.0	0.0	0.0	0.0	0.0	0.0	0.0015	0.0015	0.0015	0.0015	0.16666666666666666	0.0	0.0015	0.0	0.0	0.0	0.0	0.0	0.0	0.0	0.0	0.0	0.0	0.0	0.0	0.0	
Common Tern	0.0	0.0	0.0	0.0	0.0	0.0	0.0	0.0	0.0	0.0	0.0	0.0	0.0	0.0	0.0	0.0	0.0	0.0	0.0	0.0015	0.0	0.0	0.0	0.0	0.0	0.0	0.0	0.0	0.0	0.0	0.0	0.0	0.0	0.0	0.0	0.0	0.0	0.0	0.0	0.0	0.0	0.0	0.0	0.0	0.0	0.0	0.0	0.0	
Forster's Tern	0.0	0.0	0.0	0.0	0.0	0.0	0.0	0.0	0.0	0.0015	0.0	0.0	0.0	0.0	0.0	0.0015	0.0	0.0	0.0	0.0	0.0	0.0	0.0	0.0	0.0	0.0	0.0	0.0	0.0	0.0	0.0	0.0	0.0	0.0015	0.0015	0.14285714285714285	0.0	0.0015	0.0	0.0015	0.0015	0.0	0.0	0.0	0.0	0.0	0.0	0.0	
Rock Pigeon	0.0	0.0	0.0	0.0	0.0	0.0	0.10526315789473684	0.0	0.14285714285714285	0.0	0.16666666666666666	0.058823529411764705	0.0	0.0015	0.0015	0.07142857142857142	0.0625	0.2857142857142857	0.0015	0.0	0.07692307692307693	0.16666666666666666	0.0	0.0	0.14285714285714285	0.0	0.375	0.125	0.0	0.0	0.5	0.16666666666666666	0.0	0.0	0.0	0.0	0.0015	0.0	0.0	0.14285714285714285	0.5	0.0	1.0	0.0015	0.5	0.0	0.2	0.25	
Eurasian Collared-Dove	0.0	0.0	0.0	0.0	0.0	0.0	0.0	0.0	0.0	0.0	0.05555555555555555	0.0	0.0015	0.0	0.0	0.0	0.0015	0.0015	0.0	0.0	0.0015	0.0	0.0	0.0	0.0	0.0015	0.0	0.0	0.0	0.0	0.0	0.0	0.0	0.0	0.0	0.0	0.0	0.0	0.0	0.0015	0.0	0.0	0.0	0.0	0.0	0.0	0.2	0.25	
White-winged Dove	0.0	0.0	0.0	0.0	0.0	0.0	0.0	0.0	0.0	0.0	0.0	0.0	0.0	0.0	0.0	0.0	0.0015	0.0	0.0	0.0	0.0015	0.0	0.0	0.0	0.0	0.0	0.0	0.0	0.0	0.0	0.0	0.0	0.0	0.0	0.0	0.0	0.0	0.0	0.0	0.0	0.0	0.0	0.0	0.0	0.0	0.0	0.0	0.0	
Mourning Dove	0.6153846153846154	0.5	1.0	0.6428571428571429	0.25	0.2857142857142857	0.6842105263157895	0.8571428571428571	0.5714285714285714	0.4444444444444444	0.6111111111111112	0.5294117647058824	0.0015	0.5454545454545454	1.0	0.42857142857142855	0.5	0.6428571428571429	0.6	0.6	0.8461538461538461	0.6666666666666666	0.42857142857142855	0.5	0.2857142857142857	1.0	0.75	0.5	0.36363636363636365	0.5555555555555556	0.8333333333333334	0.6666666666666666	0.5	0.75	0.4	0.7142857142857143	0.42857142857142855	0.16666666666666666	0.2222222222222222	0.42857142857142855	0.5	0.25	1.0	0.5	1.0	1.0	0.8	0.25	
Yellow-billed Cuckoo	0.0	0.0	0.0	0.0	0.0	0.0	0.0	0.0	0.0	0.0	0.0	0.0	0.0	0.0	0.0	0.0	0.0625	0.2857142857142857	0.0015	0.13333333333333333	0.3076923076923077	0.3333333333333333	0.0	0.0015	0.42857142857142855	0.0	0.125	0.0015	0.2727272727272727	0.2222222222222222	0.5	0.0015	0.3333333333333333	0.25	0.2	0.14285714285714285	0.0015	0.16666666666666666	0.0	0.0	0.0	0.0	0.0	0.0	0.0	0.0	0.0	0.0	
Black-billed Cuckoo	0.0	0.0	0.0	0.0	0.0	0.0	0.0	0.0	0.0	0.0	0.0	0.0	0.0	0.0	0.0	0.07142857142857142	0.0015	0.0015	0.0	0.0	0.0015	0.0	0.0	0.0	0.0	0.0	0.0	0.0	0.0	0.0	0.0	0.0	0.0	0.0	0.0	0.0	0.0	0.0	0.0	0.0	0.0	0.0	0.0	0.0	0.0	0.0	0.0	0.0	
Eastern Screech-Owl	0.07692307692307693	0.0015	0.0	0.0	0.0	0.0	0.0	0.0	0.0015	0.0	0.0	0.0	0.0	0.0	0.0	0.0	0.0	0.07142857142857142	0.0	0.0	0.0	0.16666666666666666	0.0	0.0	0.0	0.0	0.0	0.0	0.0	0.1111111111111111	0.0	0.0	0.16666666666666666	0.25	0.0015	0.14285714285714285	0.14285714285714285	0.5	0.0	0.14285714285714285	1.0	0.0	0.0	0.0015	0.5	0.0	0.2	0.0	
Great Horned Owl	0.07692307692307693	0.0	0.0	0.0	0.0	0.0	0.0	0.0	0.0	0.0015	0.0015	0.0	0.0	0.0	0.0	0.0	0.0	0.0	0.0	0.0	0.0	0.0	0.0	0.0	0.0	0.0	0.0	0.0	0.0	0.0	0.0	0.0	0.0015	0.0	0.0	0.0	0.0	0.0	0.0	0.14285714285714285	0.0	0.0	0.0	0.0	0.5	0.0	0.0	0.25	
Barred Owl	0.07692307692307693	0.0	0.0	0.0	0.0015	0.0	0.0	0.0015	0.0015	0.0015	0.1111111111111111	0.058823529411764705	0.0015	0.0015	0.0015	0.07142857142857142	0.0625	0.0015	0.0015	0.0015	0.07692307692307693	0.0	0.0	0.0015	0.0	0.0	0.0015	0.0015	0.0	0.0	0.0	0.0015	0.0015	0.0	0.0	0.14285714285714285	0.0	0.0	0.0	0.0015	0.0015	0.0	0.0	0.0	0.0	0.0	0.0	0.0	
Short-eared Owl	0.07692307692307693	0.0	0.0	0.0	0.0015	0.0	0.0	0.0	0.0	0.0	0.0	0.0	0.0	0.0	0.0	0.0	0.0	0.0	0.0	0.0	0.0	0.0	0.0	0.0	0.0	0.0	0.0	0.0	0.0	0.0	0.0	0.0	0.0	0.0	0.0	0.0	0.0015	0.0	0.0	0.0015	0.0	0.0	0.0015	0.0	0.5	0.0	0.2	0.25	
Northern Saw-whet Owl	0.0	0.0015	0.0	0.0	0.0	0.0	0.0	0.0	0.0	0.0	0.0	0.0	0.0	0.0	0.0	0.0	0.0	0.0	0.0	0.0	0.0	0.0	0.0	0.0	0.0	0.0	0.0	0.0	0.0	0.0	0.0	0.0	0.0	0.0	0.0	0.0	0.0	0.0	0.0	0.0	0.0	0.0	0.0	0.0	0.0	0.0	0.0	0.0	
Common Nighthawk	0.0	0.0	0.0	0.0	0.0	0.0	0.0	0.0	0.0	0.0	0.0015	0.0	0.0	0.0	0.0	0.0	0.0015	0.07142857142857142	0.0	0.0	0.0015	0.0	0.0	0.0	0.0015	0.0015	0.0	0.0	0.0	0.0	0.16666666666666666	0.16666666666666666	0.0	0.25	0.0	0.0	0.0	0.0	0.0	0.0	0.0	0.0	0.0	0.0	0.0	0.0	0.0	0.0	
Chuck-will's-widow	0.0	0.0	0.0	0.0	0.0	0.0	0.0	0.0	0.0	0.0	0.0	0.0	0.0	0.0	0.0	0.0	0.0	0.14285714285714285	0.0	0.06666666666666667	0.0	0.0	0.0	0.0	0.0	0.0	0.0	0.0	0.0	0.0	0.0	0.0	0.0	0.0	0.0	0.0	0.0	0.0	0.0	0.0	0.0	0.0	0.0	0.0	0.0	0.0	0.0	0.0	
Eastern Whip-poor-will	0.0	0.0	0.0	0.0	0.0	0.0	0.0	0.0	0.0	0.0	0.0	0.0015	0.0	0.0	0.0	0.0	0.0	0.07142857142857142	0.0	0.0	0.07692307692307693	0.0	0.0	0.0	0.0	0.0	0.0	0.0	0.0	0.0	0.0	0.0	0.0	0.0	0.0	0.0	0.0	0.0	0.0	0.0	0.0	0.0	0.0	0.0	0.0	0.0	0.0	0.0	
Chimney Swift	0.0	0.0	0.0	0.0	0.0	0.0	0.0	0.0	0.0	0.0	0.0	0.0	0.0	0.09090909090909091	0.16666666666666666	0.07142857142857142	0.125	0.35714285714285715	0.0015	0.13333333333333333	0.15384615384615385	0.3333333333333333	0.0	0.0015	0.2857142857142857	0.0015	0.125	0.125	0.09090909090909091	0.1111111111111111	0.3333333333333333	0.16666666666666666	0.0	0.25	0.0015	0.42857142857142855	0.14285714285714285	0.0015	0.0	0.0	0.0	0.0	0.0	0.0	0.0	0.0	0.0	0.0	
Ruby-throated Hummingbird	0.0	0.0	0.0	0.0	0.0	0.0	0.0	0.0	0.0	0.0	0.0	0.0	0.0	0.0	0.0015	0.07142857142857142	0.0625	0.42857142857142855	0.0015	0.2	0.38461538461538464	0.5	0.2857142857142857	0.0015	0.14285714285714285	0.5	0.25	0.125	0.36363636363636365	0.5555555555555556	0.3333333333333333	0.3333333333333333	0.5	0.5	0.0015	0.42857142857142855	0.0015	0.0	0.0	0.0	0.0	0.0	0.0	0.0	0.0	0.0	0.0	0.0	
Rufous Hummingbird	0.0	0.0	0.0015	0.0015	0.0	0.0	0.0	0.0	0.0	0.0	0.0	0.0	0.0	0.0	0.0	0.0	0.0	0.0	0.0	0.0	0.0	0.0	0.0	0.0	0.0	0.0	0.0	0.0	0.0	0.0	0.0	0.0	0.0	0.0	0.0	0.0	0.0	0.0015	0.0	0.0015	0.0	0.0	0.0	0.0015	0.0015	0.0	0.0	0.0	
Belted Kingfisher	0.23076923076923078	0.0	0.16666666666666666	0.07142857142857142	0.25	0.0	0.10526315789473684	0.07142857142857142	0.14285714285714285	0.0015	0.2222222222222222	0.058823529411764705	0.0	0.18181818181818182	0.16666666666666666	0.07142857142857142	0.0015	0.14285714285714285	0.0015	0.06666666666666667	0.07692307692307693	0.0015	0.0	0.0015	0.14285714285714285	0.0015	0.0015	0.125	0.09090909090909091	0.0	0.16666666666666666	0.16666666666666666	0.3333333333333333	0.25	0.0015	0.2857142857142857	0.0015	0.5	0.1111111111111111	0.0	1.0	0.0	1.0	0.16666666666666666	1.0	0.0	0.2	0.25	
Red-headed Woodpecker	0.15384615384615385	0.0015	0.0015	0.0	0.0015	0.0	0.15789473684210525	0.0015	0.0015	0.0015	0.1111111111111111	0.058823529411764705	0.0015	0.0015	0.0015	0.0015	0.0625	0.21428571428571427	0.0015	0.06666666666666667	0.07692307692307693	0.0	0.0	0.0015	0.0	0.0	0.0015	0.125	0.0015	0.1111111111111111	0.16666666666666666	0.0015	0.0015	0.0015	0.0	0.14285714285714285	0.0015	0.0	0.0	0.14285714285714285	0.0015	0.0	1.0	0.0015	0.5	0.0	0.2	0.25	
Red-bellied Woodpecker	0.6923076923076923	0.6	0.6666666666666666	0.5	0.25	0.42857142857142855	0.5263157894736842	0.42857142857142855	0.42857142857142855	0.6666666666666666	0.5555555555555556	0.4117647058823529	0.5	0.2727272727272727	0.5	0.42857142857142855	0.25	0.42857142857142855	0.4	0.4	0.3076923076923077	0.5	0.2857142857142857	0.0015	0.42857142857142855	0.5	0.125	0.125	0.18181818181818182	0.1111111111111111	0.3333333333333333	0.16666666666666666	0.3333333333333333	0.5	0.4	0.42857142857142855	0.14285714285714285	0.6666666666666666	0.2222222222222222	0.2857142857142857	1.0	0.25	1.0	0.3333333333333333	1.0	0.0015	0.8	0.75	
Yellow-bellied Sapsucker	0.07692307692307693	0.0	0.0015	0.0	0.0015	0.0	0.0	0.0	0.0	0.0	0.05555555555555555	0.11764705882352941	0.5	0.09090909090909091	0.16666666666666666	0.0	0.0	0.0	0.0	0.0	0.0	0.0	0.0	0.0	0.0	0.0	0.0	0.0	0.0	0.0	0.0	0.0	0.0	0.0	0.0	0.0	0.0015	0.3333333333333333	0.1111111111111111	0.14285714285714285	1.0	0.0015	1.0	0.16666666666666666	0.0	0.0	0.2	0.5	
Downy Woodpecker	0.7692307692307693	0.7	1.0	0.7857142857142857	0.25	0.42857142857142855	0.5789473684210527	0.7142857142857143	0.42857142857142855	0.5555555555555556	0.5555555555555556	0.35294117647058826	0.0015	0.36363636363636365	0.5	0.2857142857142857	0.25	0.5714285714285714	0.6	0.2	0.6153846153846154	0.5	0.7142857142857143	0.25	0.5714285714285714	0.5	0.5	0.25	0.2727272727272727	0.2222222222222222	0.3333333333333333	0.16666666666666666	0.6666666666666666	0.75	0.6	0.5714285714285714	0.42857142857142855	0.3333333333333333	0.5555555555555556	0.5714285714285714	1.0	0.25	1.0	0.6666666666666666	1.0	1.0	0.8	0.75	
Hairy Woodpecker	0.38461538461538464	0.1	0.3333333333333333	0.14285714285714285	0.25	0.2857142857142857	0.05263157894736842	0.07142857142857142	0.14285714285714285	0.1111111111111111	0.05555555555555555	0.35294117647058826	0.0	0.18181818181818182	0.0015	0.2857142857142857	0.0	0.14285714285714285	0.2	0.0015	0.07692307692307693	0.16666666666666666	0.14285714285714285	0.0015	0.0	0.0	0.375	0.0015	0.0	0.2222222222222222	0.16666666666666666	0.16666666666666666	0.16666666666666666	0.0015	0.0	0.0015	0.0015	0.3333333333333333	0.1111111111111111	0.14285714285714285	1.0	0.0	1.0	0.16666666666666666	0.0	1.0	0.4	0.25	
Northern Flicker	0.3076923076923077	0.1	0.16666666666666666	0.0015	0.0015	0.0	0.2631578947368421	0.07142857142857142	0.2857142857142857	0.0015	0.2222222222222222	0.17647058823529413	0.5	0.18181818181818182	0.16666666666666666	0.2857142857142857	0.0625	0.21428571428571427	0.0015	0.0015	0.38461538461538464	0.5	0.14285714285714285	0.25	0.5714285714285714	0.0	0.0015	0.125	0.09090909090909091	0.0	0.3333333333333333	0.0015	0.16666666666666666	0.25	0.2	0.42857142857142855	0.14285714285714285	0.6666666666666666	0.2222222222222222	0.42857142857142855	1.0	0.25	1.0	0.16666666666666666	1.0	0.0	0.4	0.5	
Pileated Woodpecker	0.3076923076923077	0.1	0.0	0.0015	0.0015	0.0	0.21052631578947367	0.0	0.2857142857142857	0.1111111111111111	0.2777777777777778	0.17647058823529413	0.0015	0.18181818181818182	0.3333333333333333	0.35714285714285715	0.1875	0.35714285714285715	0.4	0.13333333333333333	0.3076923076923077	0.3333333333333333	0.14285714285714285	0.0015	0.0	0.0	0.125	0.125	0.09090909090909091	0.1111111111111111	0.16666666666666666	0.0015	0.16666666666666666	0.25	0.2	0.2857142857142857	0.2857142857142857	0.3333333333333333	0.1111111111111111	0.2857142857142857	1.0	0.0015	1.0	0.0015	0.5	0.0015	0.4	0.5	
American Kestrel	0.15384615384615385	0.0	0.16666666666666666	0.0015	0.25	0.0	0.21052631578947367	0.0	0.2857142857142857	0.1111111111111111	0.16666666666666666	0.0	0.0	0.09090909090909091	0.16666666666666666	0.0015	0.0	0.21428571428571427	0.0	0.06666666666666667	0.0	0.0	0.0	0.0015	0.0015	0.0	0.125	0.125	0.0015	0.1111111111111111	0.3333333333333333	0.16666666666666666	0.0015	0.0	0.2	0.0015	0.14285714285714285	0.3333333333333333	0.1111111111111111	0.2857142857142857	0.0015	0.0	1.0	0.16666666666666666	1.0	0.0	0.4	0.25	
Merlin	0.0	0.0015	0.0	0.0	0.0	0.0	0.0	0.0	0.0	0.0	0.0	0.0	0.0	0.0	0.0	0.0	0.0	0.0	0.0	0.0	0.0	0.0	0.0	0.0	0.0	0.0	0.0	0.0	0.0	0.0	0.0	0.0	0.0	0.0	0.0	0.14285714285714285	0.14285714285714285	0.0	0.0015	0.0015	0.0	0.0	0.0	0.16666666666666666	0.0	0.0	0.2	0.0	
Peregrine Falcon	0.0015	0.0	0.0	0.0	0.0	0.0	0.0015	0.0	0.0	0.0	0.0	0.0	0.0	0.0	0.0	0.0	0.0	0.0	0.0	0.0	0.0	0.0015	0.0	0.0	0.0	0.0	0.0	0.0	0.0	0.0	0.0	0.0	0.0	0.0	0.0015	0.0015	0.0	0.0	0.0	0.0	0.0	0.0	0.0	0.0	0.0	0.0	0.0	0.0	
Olive-sided Flycatcher	0.0	0.0	0.0	0.0	0.0	0.0	0.0	0.0	0.0	0.0	0.0	0.0	0.0	0.0	0.0	0.0	0.0	0.0	0.2	0.0	0.0	0.0	0.0	0.0	0.0	0.0	0.0	0.0	0.0	0.0	0.0	0.0	0.0015	0.0	0.0	0.0015	0.0	0.0	0.0	0.0	0.0	0.0	0.0	0.0	0.0	0.0	0.0	0.0	
Eastern Wood-Pewee	0.0	0.0	0.0	0.0	0.0	0.0	0.0	0.0	0.0	0.0	0.0	0.0	0.0	0.0	0.0	0.0	0.0625	0.2857142857142857	0.2	0.06666666666666667	0.38461538461538464	0.5	0.14285714285714285	0.0015	0.42857142857142855	0.0	0.375	0.25	0.18181818181818182	0.2222222222222222	0.16666666666666666	0.0015	0.5	0.75	0.2	0.14285714285714285	0.14285714285714285	0.16666666666666666	0.1111111111111111	0.0	0.0	0.0	0.0	0.0	0.0	0.0	0.0	0.0	
Yellow-bellied Flycatcher	0.0	0.0	0.0	0.0	0.0	0.0	0.0	0.0	0.0	0.0	0.0	0.0	0.0	0.0	0.0	0.0	0.0	0.0	0.0	0.0	0.0015	0.0	0.0	0.0	0.0	0.0	0.0	0.0	0.0	0.0	0.0	0.0	0.0	0.0015	0.0	0.0	0.0	0.0	0.0	0.0	0.0	0.0	0.0	0.0	0.0	0.0	0.0	0.0	
Acadian Flycatcher	0.0	0.0	0.0	0.0	0.0	0.0	0.0	0.0	0.0	0.0	0.0	0.0	0.0	0.0	0.0	0.0	0.0015	0.14285714285714285	0.0015	0.06666666666666667	0.3076923076923077	0.5	0.14285714285714285	0.0015	0.2857142857142857	0.0	0.125	0.25	0.09090909090909091	0.1111111111111111	0.0015	0.0	0.0015	0.0	0.0015	0.0015	0.0	0.0	0.0	0.0	0.0	0.0	0.0	0.0	0.0	0.0	0.0	0.0	
Alder Flycatcher	0.0	0.0	0.0	0.0	0.0	0.0	0.0	0.0	0.0	0.0	0.0	0.0	0.0	0.0	0.0	0.0	0.0	0.0	0.0	0.0	0.0	0.0	0.0	0.0	0.0	0.0	0.0	0.0	0.0	0.0	0.0015	0.0	0.0	0.0	0.0	0.0	0.0	0.0	0.0	0.0	0.0	0.0	0.0	0.0	0.0	0.0	0.0	0.0	
Willow Flycatcher	0.0	0.0	0.0	0.0	0.0	0.0	0.0	0.0	0.0	0.0	0.0	0.0	0.0	0.0	0.0	0.0	0.0	0.0	0.0	0.0	0.0	0.0	0.0	0.0	0.0	0.0	0.0	0.0	0.0	0.1111111111111111	0.0	0.0	0.0	0.0	0.0	0.0	0.0	0.0	0.0	0.0	0.0	0.0	0.0	0.0	0.0	0.0	0.0	0.0	
Least Flycatcher	0.0	0.0	0.0	0.0	0.0	0.0	0.0	0.0	0.0	0.0	0.0	0.0	0.0	0.0	0.0	0.0	0.0	0.0015	0.0	0.0015	0.07692307692307693	0.0	0.0	0.0	0.0	0.0	0.0	0.0	0.0	0.0015	0.0	0.0015	0.0	0.0	0.0015	0.0	0.0	0.0	0.0	0.0	0.0	0.0	0.0	0.0	0.0	0.0	0.0	0.0	
Empidonax sp.	0.0	0.0	0.0	0.0	0.0	0.0	0.0	0.0	0.0	0.0	0.0	0.0	0.0	0.0	0.0	0.0	0.0	0.0	0.0	0.0	0.0	0.0	0.0	0.0	0.0	0.0	0.0	0.0	0.0	0.0	0.0	0.0	0.0015	0.0	0.0	0.0015	0.0015	0.0015	0.0	0.0	0.0	0.0	0.0	0.0	0.0	0.0	0.0	0.0	
Eastern Phoebe	0.07692307692307693	0.1	0.16666666666666666	0.0	0.0	0.0	0.0	0.0	0.0	0.1111111111111111	0.2222222222222222	0.17647058823529413	0.0015	0.09090909090909091	0.16666666666666666	0.07142857142857142	0.0015	0.2857142857142857	0.0	0.0	0.38461538461538464	0.6666666666666666	0.14285714285714285	0.0015	0.2857142857142857	0.0	0.25	0.125	0.2727272727272727	0.0	0.16666666666666666	0.0	0.16666666666666666	0.0	0.2	0.2857142857142857	0.2857142857142857	0.5	0.1111111111111111	0.2857142857142857	1.0	0.0	1.0	0.16666666666666666	0.0	0.0	0.2	0.0	
Say's Phoebe	0.0	0.0	0.0	0.0	0.0	0.0	0.0	0.0	0.0	0.0	0.0	0.0	0.0	0.0	0.0	0.0	0.0	0.0	0.0	0.0	0.0	0.0	0.0	0.0	0.0	0.0	0.0	0.0	0.0	0.0	0.0	0.0	0.0	0.0	0.0	0.0	0.0	0.0	0.0	0.0	0.0	0.0	0.0	0.0	0.0	0.0	0.0	0.0015	
Great Crested Flycatcher	0.0	0.0	0.0	0.0	0.0	0.0	0.0	0.0	0.0	0.0	0.0	0.0	0.0	0.0	0.0015	0.14285714285714285	0.0625	0.35714285714285715	0.0015	0.13333333333333333	0.07692307692307693	0.3333333333333333	0.0015	0.0015	0.14285714285714285	0.0	0.0015	0.125	0.09090909090909091	0.0	0.16666666666666666	0.0	0.0015	0.25	0.0	0.0015	0.0	0.0	0.0	0.0	0.0	0.0	0.0	0.0	0.0	0.0	0.0	0.0	
Eastern Kingbird	0.0	0.0	0.0	0.0	0.0	0.0	0.0	0.0	0.0	0.0	0.0	0.0	0.0	0.0	0.0015	0.07142857142857142	0.125	0.21428571428571427	0.0015	0.06666666666666667	0.15384615384615385	0.3333333333333333	0.0	0.0015	0.2857142857142857	0.0	0.125	0.25	0.18181818181818182	0.1111111111111111	0.3333333333333333	0.16666666666666666	0.0	0.0	0.0	0.14285714285714285	0.0	0.0	0.0	0.0	0.0	0.0	0.0	0.0	0.0	0.0	0.0	0.0	
Scissor-tailed Flycatcher	0.0	0.0	0.0	0.0	0.0	0.0	0.0	0.0	0.0	0.0	0.0	0.0	0.0	0.0	0.0015	0.0015	0.0	0.0015	0.0015	0.0015	0.0	0.0	0.0015	0.0	0.0	0.0	0.0	0.0	0.0	0.0	0.0	0.0	0.0	0.0	0.0	0.0	0.0	0.0	0.0	0.0	0.0	0.0	0.0	0.0	0.0	0.0	0.0	0.0	
Loggerhead Shrike	0.15384615384615385	0.0015	0.0	0.0	0.0	0.0	0.0	0.0	0.0	0.0	0.1111111111111111	0.0	0.0015	0.0	0.0	0.0	0.0625	0.0	0.0	0.0	0.0	0.0	0.0	0.0	0.0	0.0	0.0	0.0	0.0	0.0	0.0	0.0	0.0	0.0	0.0	0.0	0.0	0.0	0.0	0.14285714285714285	0.0	0.0015	0.0	0.0015	0.0	0.0	0.0	0.0	
White-eyed Vireo	0.0	0.0	0.0	0.0	0.0	0.0	0.0	0.0	0.0	0.0	0.0	0.0	0.0	0.0	0.16666666666666666	0.42857142857142855	0.125	0.2857142857142857	0.2	0.06666666666666667	0.15384615384615385	0.6666666666666666	0.14285714285714285	0.0015	0.14285714285714285	0.0	0.125	0.0015	0.18181818181818182	0.1111111111111111	0.16666666666666666	0.0	0.16666666666666666	0.5	0.6	0.2857142857142857	0.14285714285714285	0.0015	0.0015	0.0	0.0	0.0	0.0	0.0	0.0	0.0	0.0	0.0	
Bell's Vireo	0.0	0.0	0.0	0.0	0.0	0.0	0.0	0.0	0.0	0.0	0.0	0.0	0.0	0.0	0.0	0.0	0.0	0.0015	0.0	0.0015	0.0	0.0	0.0	0.0	0.0	0.0	0.0	0.0	0.0	0.1111111111111111	0.0	0.0015	0.0	0.0	0.0	0.0	0.0	0.0	0.0	0.0	0.0	0.0	0.0	0.0	0.0	0.0	0.0	0.0	
Yellow-throated Vireo	0.0	0.0	0.0	0.0	0.0	0.0	0.0	0.0	0.0	0.0	0.0	0.0	0.0	0.09090909090909091	0.0015	0.07142857142857142	0.0	0.35714285714285715	0.0015	0.13333333333333333	0.3076923076923077	0.5	0.14285714285714285	0.0	0.2857142857142857	0.0	0.125	0.0	0.0	0.0	0.0	0.0015	0.16666666666666666	0.5	0.2	0.14285714285714285	0.0015	0.0015	0.0	0.0	0.0	0.0	0.0	0.0	0.0	0.0	0.0	0.0	
Blue-headed Vireo	0.0	0.0	0.0	0.0	0.0	0.0	0.0	0.0	0.0	0.0	0.05555555555555555	0.058823529411764705	0.0015	0.09090909090909091	0.0015	0.0015	0.0	0.14285714285714285	0.0015	0.0	0.23076923076923078	0.0	0.14285714285714285	0.0	0.0	0.0	0.0	0.125	0.0	0.1111111111111111	0.0	0.0	0.0015	0.0	0.0	0.0	0.0015	0.16666666666666666	0.0015	0.0	1.0	0.0	0.0	0.0	0.0	0.0	0.0	0.0	
Warbling Vireo	0.0	0.0	0.0	0.0	0.0	0.0	0.0	0.0	0.0	0.0	0.0	0.0	0.0	0.0	0.0	0.0	0.0625	0.07142857142857142	0.0015	0.0	0.0015	0.16666666666666666	0.0015	0.0015	0.0015	0.0	0.0	0.0015	0.0	0.0	0.0	0.0	0.0015	0.0	0.0015	0.0015	0.0	0.0	0.0	0.0	0.0	0.0	0.0	0.0	0.0	0.0	0.0	0.0	
Philadelphia Vireo	0.0	0.0	0.0	0.0	0.0	0.0	0.0	0.0	0.0	0.0	0.0	0.0	0.0	0.0	0.0	0.0	0.0	0.0015	0.0	0.0	0.0	0.0	0.0	0.0	0.0	0.0	0.0	0.0	0.0	0.0	0.0	0.0	0.0	0.0	0.0015	0.0015	0.0	0.0	0.0	0.0	0.0	0.0	0.0	0.0	0.0	0.0	0.0	0.0	
Red-eyed Vireo	0.0	0.0	0.0	0.0	0.0	0.0	0.0	0.0	0.0	0.0	0.0	0.0	0.0	0.0015	0.16666666666666666	0.2857142857142857	0.0015	0.2857142857142857	0.0015	0.13333333333333333	0.38461538461538464	0.6666666666666666	0.14285714285714285	0.25	0.5714285714285714	0.0	0.125	0.125	0.09090909090909091	0.1111111111111111	0.16666666666666666	0.0015	0.3333333333333333	0.75	0.2	0.2857142857142857	0.0	0.16666666666666666	0.0	0.0	0.0	0.0	0.0	0.0	0.0	0.0	0.0	0.0	
Blue Jay	0.6923076923076923	0.5	0.5	0.6428571428571429	0.25	0.42857142857142855	0.5263157894736842	0.6428571428571429	0.42857142857142855	0.1111111111111111	0.2777777777777778	0.23529411764705882	0.5	0.18181818181818182	0.5	0.6428571428571429	0.375	0.5714285714285714	0.2	0.3333333333333333	0.38461538461538464	0.6666666666666666	0.42857142857142855	0.25	0.42857142857142855	1.0	0.625	0.375	0.45454545454545453	0.4444444444444444	0.6666666666666666	0.16666666666666666	0.5	0.5	0.2	0.7142857142857143	0.2857142857142857	0.6666666666666666	0.3333333333333333	0.42857142857142855	1.0	0.25	1.0	0.3333333333333333	1.0	0.0	1.0	0.5	
American Crow	0.15384615384615385	0.1	0.16666666666666666	0.07142857142857142	0.25	0.14285714285714285	0.2631578947368421	0.07142857142857142	0.5714285714285714	0.2222222222222222	0.3888888888888889	0.11764705882352941	0.5	0.2727272727272727	0.16666666666666666	0.35714285714285715	0.0625	0.2857142857142857	0.0015	0.26666666666666666	0.46153846153846156	0.6666666666666666	0.14285714285714285	0.0015	0.14285714285714285	0.0	0.375	0.5	0.2727272727272727	0.2222222222222222	0.3333333333333333	0.16666666666666666	0.3333333333333333	0.5	0.4	0.42857142857142855	0.2857142857142857	0.6666666666666666	0.2222222222222222	0.42857142857142855	1.0	0.5	1.0	0.0015	1.0	0.0	0.6	0.5	
Fish Crow	0.0	0.0	0.0	0.0	0.0	0.0	0.0	0.0	0.0	0.0	0.05555555555555555	0.0	0.0	0.0	0.0	0.0	0.0625	0.0	0.0	0.0	0.0	0.0	0.0	0.0	0.0	0.0	0.0	0.0	0.0	0.0015	0.0	0.0	0.0	0.0	0.0	0.0	0.0	0.0	0.0	0.0	0.0	0.0	0.0	0.0	0.0	0.0	0.0	0.0	
Common Raven	0.0	0.0	0.0	0.0	0.0	0.0	0.0	0.0	0.0	0.0	0.0	0.0	0.0	0.0	0.0	0.0	0.0	0.0	0.0	0.0	0.0015	0.0	0.0	0.0	0.0	0.0	0.0	0.0	0.0	0.0	0.0	0.0	0.0	0.0	0.0	0.0	0.0	0.0	0.0	0.0	0.0	0.0	0.0	0.0	0.0	0.0	0.0	0.0	
Horned Lark	0.07692307692307693	0.0	0.0015	0.0	0.0015	0.0	0.0	0.0015	0.14285714285714285	0.0015	0.1111111111111111	0.0015	0.0015	0.0	0.0015	0.0015	0.0015	0.0	0.0015	0.0015	0.0015	0.0	0.0	0.0015	0.0015	0.0	0.0015	0.125	0.0	0.0	0.0015	0.16666666666666666	0.0015	0.0015	0.2	0.0015	0.0	0.0	0.0015	0.14285714285714285	0.0015	0.25	0.0	0.16666666666666666	1.0	0.0	0.0015	0.25	
Northern Rough-winged Swallow	0.0	0.0	0.0	0.0	0.0	0.0	0.0	0.0	0.0	0.0015	0.0015	0.0015	0.0	0.09090909090909091	0.16666666666666666	0.14285714285714285	0.0015	0.21428571428571427	0.0015	0.06666666666666667	0.07692307692307693	0.16666666666666666	0.0	0.0015	0.0	0.0015	0.125	0.125	0.0015	0.0	0.0015	0.16666666666666666	0.0	0.0	0.0	0.0	0.0015	0.0	0.0	0.0015	0.0	0.0	0.0	0.0	0.0	0.0	0.0	0.0	
Purple Martin	0.0	0.0	0.0	0.0	0.0	0.0	0.0	0.0	0.0	0.0	0.16666666666666666	0.0015	0.0	0.0	0.0015	0.07142857142857142	0.0	0.21428571428571427	0.0015	0.0	0.23076923076923078	0.3333333333333333	0.0015	0.0	0.14285714285714285	0.0	0.125	0.0	0.09090909090909091	0.0	0.16666666666666666	0.16666666666666666	0.0	0.0	0.0	0.0015	0.0	0.0	0.0	0.0	0.0	0.0	0.0	0.0	0.0	0.0	0.0	0.0	
Tree Swallow	0.0	0.0	0.0	0.0	0.0	0.0	0.0	0.0	0.0	0.0015	0.16666666666666666	0.0015	0.0015	0.09090909090909091	0.16666666666666666	0.0015	0.0015	0.21428571428571427	0.0015	0.0015	0.07692307692307693	0.3333333333333333	0.0	0.0015	0.0	0.0015	0.0015	0.125	0.0015	0.0	0.0015	0.0	0.0015	0.0015	0.0015	0.14285714285714285	0.0015	0.0	0.2222222222222222	0.0015	0.0	0.0	0.0	0.0	0.0	0.0	0.0	0.0	
Bank Swallow	0.0	0.0	0.0	0.0	0.0	0.0	0.0	0.0	0.0	0.0	0.0	0.0	0.0	0.0	0.0	0.0	0.0	0.0	0.0	0.0	0.0015	0.0	0.0015	0.0	0.0	0.0015	0.0	0.0	0.0015	0.1111111111111111	0.16666666666666666	0.16666666666666666	0.0	0.0	0.0	0.0	0.0	0.0	0.0	0.0	0.0	0.0	0.0	0.0	0.0	0.0	0.0	0.0	
Barn Swallow	0.07692307692307693	0.0015	0.0	0.0	0.0	0.0	0.0	0.0	0.0	0.0	0.0015	0.0015	0.0	0.09090909090909091	0.0015	0.14285714285714285	0.125	0.21428571428571427	0.0015	0.26666666666666666	0.3076923076923077	0.16666666666666666	0.0	0.0015	0.14285714285714285	0.0015	0.25	0.5	0.18181818181818182	0.2222222222222222	0.16666666666666666	0.16666666666666666	0.16666666666666666	0.0	0.0015	0.0015	0.0	0.0	0.0	0.0	0.0	0.0	0.0	0.0	0.0	0.0	0.0	0.0	
Cliff Swallow	0.0	0.0	0.0	0.0	0.0	0.0	0.0	0.0	0.0	0.0	0.0	0.0015	0.0	0.0	0.0015	0.0	0.0	0.07142857142857142	0.0	0.0	0.07692307692307693	0.16666666666666666	0.0015	0.0	0.0	0.0015	0.125	0.125	0.0	0.0	0.0	0.16666666666666666	0.0	0.0	0.0	0.0015	0.0	0.0	0.0	0.0	0.0	0.0	0.0	0.0	0.0	0.0	0.0	0.0	
Carolina Chickadee	0.7692307692307693	0.6	0.8333333333333334	0.5	0.25	0.2857142857142857	0.5263157894736842	0.5	0.7142857142857143	0.6666666666666666	0.5	0.5882352941176471	0.5	0.45454545454545453	0.5	0.35714285714285715	0.1875	0.5714285714285714	0.4	0.4	0.6923076923076923	0.8333333333333334	0.14285714285714285	0.5	0.2857142857142857	1.0	0.75	0.5	0.36363636363636365	0.3333333333333333	0.5	0.3333333333333333	0.6666666666666666	1.0	0.4	0.7142857142857143	0.7142857142857143	0.6666666666666666	0.2222222222222222	0.7142857142857143	1.0	0.5	1.0	0.5	1.0	1.0	0.8	0.75	
Tufted Titmouse	0.6153846153846154	0.5	0.8333333333333334	0.2857142857142857	0.5	0.2857142857142857	0.3157894736842105	0.35714285714285715	0.5714285714285714	0.5555555555555556	0.3888888888888889	0.35294117647058826	0.5	0.2727272727272727	0.3333333333333333	0.35714285714285715	0.125	0.5	0.0015	0.13333333333333333	0.5384615384615384	0.6666666666666666	0.5714285714285714	0.5	0.2857142857142857	1.0	0.5	0.0015	0.09090909090909091	0.3333333333333333	0.5	0.3333333333333333	0.6666666666666666	0.75	0.4	0.7142857142857143	0.2857142857142857	0.6666666666666666	0.3333333333333333	0.7142857142857143	1.0	0.25	1.0	0.3333333333333333	0.5	1.0	0.8	0.75	
Red-breasted Nuthatch	0.0	0.0	0.0	0.0	0.0	0.0	0.05263157894736842	0.0	0.0	0.0	0.0	0.0015	0.0	0.0	0.0	0.0	0.0	0.0	0.0015	0.0	0.0	0.0	0.0	0.0	0.0	0.0	0.0	0.0	0.0	0.0	0.0	0.0	0.0	0.0	0.0	0.0	0.0	0.0	0.0	0.0	0.0	0.0	0.0	0.0	0.0015	0.0	0.0	0.25	
White-breasted Nuthatch	0.5384615384615384	0.2	0.6666666666666666	0.21428571428571427	0.25	0.2857142857142857	0.21052631578947367	0.14285714285714285	0.5714285714285714	0.2222222222222222	0.2222222222222222	0.47058823529411764	0.5	0.2727272727272727	0.0015	0.2857142857142857	0.0625	0.42857142857142855	0.4	0.3333333333333333	0.46153846153846156	0.3333333333333333	0.5714285714285714	0.25	0.14285714285714285	1.0	0.625	0.125	0.09090909090909091	0.1111111111111111	0.16666666666666666	0.0	0.6666666666666666	0.75	0.6	0.5714285714285714	0.2857142857142857	0.5	0.4444444444444444	0.42857142857142855	1.0	0.25	1.0	0.3333333333333333	0.5	1.0	0.8	0.75	
Brown Creeper	0.46153846153846156	0.4	0.3333333333333333	0.21428571428571427	0.0	0.14285714285714285	0.05263157894736842	0.14285714285714285	0.42857142857142855	0.2222222222222222	0.1111111111111111	0.17647058823529413	0.0	0.09090909090909091	0.0	0.0	0.0	0.0	0.0	0.0	0.0	0.0	0.0	0.0	0.0	0.0	0.0	0.0	0.0	0.0	0.0	0.0	0.0	0.0	0.0	0.0	0.0	0.0	0.1111111111111111	0.42857142857142855	1.0	0.0	1.0	0.16666666666666666	0.0015	0.0	0.2	0.25	
House Wren	0.0015	0.0	0.0	0.0	0.0	0.0	0.0	0.0	0.0	0.0	0.0	0.0	0.0	0.0	0.16666666666666666	0.0015	0.0015	0.14285714285714285	0.0	0.06666666666666667	0.0015	0.16666666666666666	0.0	0.0015	0.14285714285714285	0.0	0.0015	0.0015	0.18181818181818182	0.0	0.0015	0.0015	0.0015	0.0015	0.2	0.2857142857142857	0.14285714285714285	0.0015	0.0015	0.14285714285714285	0.0	0.0015	0.0	0.0015	0.0	0.0	0.0	0.0	
Winter Wren	0.07692307692307693	0.1	0.0	0.0	0.0015	0.0	0.0	0.0	0.14285714285714285	0.0	0.05555555555555555	0.11764705882352941	0.0	0.0	0.0	0.0	0.0	0.0	0.0	0.0	0.0	0.0	0.0	0.0	0.0	0.0	0.0	0.0	0.0	0.0	0.0	0.0	0.0	0.0	0.0	0.0	0.0	0.0	0.0	0.0015	0.0015	0.25	1.0	0.0015	0.0	0.0	0.4	0.25	
Sedge Wren	0.07692307692307693	0.0	0.0	0.0	0.0	0.0	0.0	0.0	0.0	0.0	0.0	0.0	0.0	0.0	0.0	0.0	0.0	0.0	0.0	0.0	0.0	0.0	0.0	0.0	0.0015	0.0	0.0	0.0015	0.0015	0.0015	0.0	0.16666666666666666	0.0	0.0	0.0015	0.0	0.14285714285714285	0.0	0.2222222222222222	0.0015	0.0	0.0	0.0015	0.0	0.0	0.0	0.0	0.0	
Marsh Wren	0.0	0.0	0.0	0.0	0.0	0.0	0.0	0.0	0.0	0.0	0.0	0.0	0.0	0.0	0.0	0.0	0.0	0.0	0.0	0.0	0.0	0.0	0.0	0.0	0.0015	0.0	0.0	0.0	0.0	0.0	0.0	0.16666666666666666	0.0	0.0	0.0	0.0015	0.0015	0.0	0.1111111111111111	0.0	0.0	0.0	0.0015	0.0	0.0	0.0	0.0	0.0	
Carolina Wren	0.46153846153846156	0.6	0.8333333333333334	0.42857142857142855	0.25	0.14285714285714285	0.42105263157894735	0.35714285714285715	0.42857142857142855	0.3333333333333333	0.3333333333333333	0.23529411764705882	0.0015	0.18181818181818182	0.16666666666666666	0.5	0.1875	0.42857142857142855	0.2	0.3333333333333333	0.6153846153846154	0.6666666666666666	0.42857142857142855	0.25	0.2857142857142857	0.5	0.25	0.25	0.2727272727272727	0.2222222222222222	0.3333333333333333	0.16666666666666666	0.6666666666666666	0.5	0.2	0.42857142857142855	0.2857142857142857	0.6666666666666666	0.3333333333333333	0.5714285714285714	1.0	0.25	1.0	0.5	1.0	0.0	0.8	0.5	
Blue-gray Gnatcatcher	0.0	0.0	0.0	0.0	0.0	0.0	0.0	0.0	0.0	0.0	0.0	0.0015	0.0015	0.36363636363636365	0.3333333333333333	0.35714285714285715	0.125	0.2857142857142857	0.0015	0.06666666666666667	0.3076923076923077	0.6666666666666666	0.14285714285714285	0.0015	0.0015	0.0	0.125	0.125	0.2727272727272727	0.2222222222222222	0.16666666666666666	0.0015	0.6666666666666666	0.25	0.0015	0.14285714285714285	0.0	0.0	0.0	0.0	0.0	0.0	0.0	0.0	0.0	0.0	0.0	0.0	
Golden-crowned Kinglet	0.23076923076923078	0.1	0.0015	0.0015	0.0	0.0	0.10526315789473684	0.07142857142857142	0.14285714285714285	0.0	0.2222222222222222	0.17647058823529413	0.0015	0.09090909090909091	0.0	0.0	0.0	0.0	0.0	0.0	0.0	0.0	0.0	0.0	0.0	0.0	0.0	0.0	0.0	0.0	0.0	0.0	0.0	0.0	0.0	0.0	0.0015	0.16666666666666666	0.1111111111111111	0.2857142857142857	1.0	0.0	1.0	0.0015	0.0015	0.0015	0.2	0.25	
Ruby-crowned Kinglet	0.0	0.0	0.0	0.0015	0.0	0.0	0.0	0.0	0.0	0.0	0.0015	0.0	0.0	0.09090909090909091	0.0	0.07142857142857142	0.0015	0.0015	0.0	0.0	0.0	0.0	0.0	0.0	0.0	0.0	0.0	0.0	0.0	0.0	0.0	0.0	0.0	0.0	0.0	0.14285714285714285	0.0	0.16666666666666666	0.2222222222222222	0.2857142857142857	0.0015	0.0	1.0	0.16666666666666666	0.5	1.0	0.2	0.5	
Eastern Bluebird	0.23076923076923078	0.2	0.16666666666666666	0.0015	0.0	0.0	0.15789473684210525	0.0	0.2857142857142857	0.1111111111111111	0.16666666666666666	0.11764705882352941	0.0015	0.18181818181818182	0.16666666666666666	0.07142857142857142	0.0625	0.35714285714285715	0.0015	0.06666666666666667	0.3076923076923077	0.5	0.0	0.0015	0.42857142857142855	0.0015	0.125	0.125	0.09090909090909091	0.1111111111111111	0.3333333333333333	0.0015	0.3333333333333333	0.25	0.0	0.14285714285714285	0.14285714285714285	0.5	0.1111111111111111	0.2857142857142857	0.5	0.0	1.0	0.16666666666666666	1.0	0.0	0.4	0.5	
Veery	0.0	0.0	0.0	0.0	0.0	0.0	0.0	0.0	0.0	0.0	0.0	0.0	0.0	0.0	0.0	0.0	0.0015	0.0015	0.0	0.0	0.07692307692307693	0.0	0.0	0.0	0.0	0.0	0.0	0.0	0.0	0.0	0.0	0.0	0.0	0.0	0.0	0.0	0.0	0.0	0.0	0.0	0.0	0.0	0.0	0.0	0.0	0.0	0.0	0.0	
Gray-cheeked Thrush	0.0	0.0	0.0	0.0	0.0	0.0	0.0	0.0	0.0	0.0	0.0	0.0	0.0	0.0	0.0	0.0015	0.0015	0.07142857142857142	0.0015	0.0	0.0	0.0	0.0	0.0	0.0	0.0	0.0	0.0	0.0	0.0	0.0	0.0	0.0	0.0	0.2	0.0015	0.0	0.0	0.0	0.0	0.0	0.0	0.0	0.0	0.0	0.0	0.0	0.0	
Swainson's Thrush	0.0	0.0	0.0	0.0	0.0	0.0	0.0	0.0	0.0	0.0	0.0	0.0	0.0	0.0	0.0	0.0	0.0	0.21428571428571427	0.0015	0.0	0.0	0.0	0.0	0.0	0.0	0.0	0.0	0.0	0.0	0.0	0.0	0.0	0.0015	0.0	0.2	0.14285714285714285	0.0	0.0	0.0	0.0	0.0	0.0	0.0	0.0	0.0	0.0	0.0	0.0	
Hermit Thrush	0.15384615384615385	0.1	0.0	0.0015	0.0015	0.0	0.05263157894736842	0.0	0.0	0.0	0.05555555555555555	0.0	0.0	0.09090909090909091	0.0015	0.0015	0.0	0.0	0.0	0.0	0.0	0.0	0.0	0.0	0.0	0.0	0.0	0.0	0.0	0.0	0.0	0.0	0.0	0.0	0.0	0.0	0.0	0.0	0.1111111111111111	0.14285714285714285	1.0	0.0	1.0	0.16666666666666666	0.5	0.0	0.4	0.5	
Wood Thrush	0.0	0.0	0.0	0.0	0.0	0.0	0.0	0.0	0.0	0.0	0.0	0.0	0.0	0.0	0.16666666666666666	0.14285714285714285	0.0015	0.2857142857142857	0.0015	0.06666666666666667	0.38461538461538464	0.5	0.14285714285714285	0.0015	0.5714285714285714	0.0	0.25	0.125	0.09090909090909091	0.1111111111111111	0.0015	0.0	0.0	0.0	0.0015	0.0	0.0	0.16666666666666666	0.0	0.0	0.0	0.0	0.0	0.0	0.0	0.0	0.0	0.0	
American Robin	0.23076923076923078	0.3	0.16666666666666666	0.07142857142857142	0.0015	0.2857142857142857	0.2631578947368421	0.14285714285714285	0.2857142857142857	0.3333333333333333	0.7222222222222222	0.5294117647058824	0.5	0.5454545454545454	0.8333333333333334	0.35714285714285715	0.375	0.42857142857142855	0.6	0.4666666666666667	0.38461538461538464	0.5	0.0015	0.25	0.8571428571428571	0.0	0.5	0.25	0.36363636363636365	0.2222222222222222	0.5	0.0015	0.16666666666666666	0.0	0.0015	0.2857142857142857	0.0015	0.0	0.2222222222222222	0.42857142857142855	1.0	0.0	1.0	0.3333333333333333	0.0	0.0	0.4	0.25	
Gray Catbird	0.0	0.0	0.0	0.0	0.0	0.0	0.0	0.0	0.0	0.0	0.0	0.0	0.0	0.0	0.0	0.07142857142857142	0.0625	0.14285714285714285	0.0015	0.2	0.3076923076923077	0.3333333333333333	0.14285714285714285	0.0015	0.2857142857142857	0.0015	0.25	0.0015	0.0015	0.1111111111111111	0.0015	0.0015	0.0015	0.0015	0.2	0.2857142857142857	0.2857142857142857	0.16666666666666666	0.0015	0.0015	0.0	0.0	0.0	0.0	0.0	0.0	0.0	0.0	
Brown Thrasher	0.3076923076923077	0.1	0.16666666666666666	0.21428571428571427	0.0	0.0015	0.05263157894736842	0.14285714285714285	0.0	0.0015	0.0015	0.0015	0.0	0.09090909090909091	0.0015	0.07142857142857142	0.1875	0.21428571428571427	0.0015	0.06666666666666667	0.38461538461538464	0.3333333333333333	0.0	0.0015	0.0015	0.0	0.25	0.125	0.2727272727272727	0.2222222222222222	0.0015	0.0015	0.0015	0.25	0.2	0.5714285714285714	0.0	0.0	0.1111111111111111	0.14285714285714285	0.0	0.0	0.0	0.0015	0.5	0.0	0.0015	0.5	
Northern Mockingbird	0.23076923076923078	0.3	0.5	0.07142857142857142	0.0	0.2857142857142857	0.47368421052631576	0.7857142857142857	0.5714285714285714	0.6666666666666666	0.2222222222222222	0.11764705882352941	0.5	0.09090909090909091	0.0015	0.0015	0.0625	0.35714285714285715	0.0015	0.13333333333333333	0.07692307692307693	0.16666666666666666	0.0015	0.0015	0.2857142857142857	0.0015	0.25	0.125	0.0015	0.1111111111111111	0.5	0.0015	0.0	0.0	0.0015	0.0	0.0	0.3333333333333333	0.1111111111111111	0.14285714285714285	0.0	0.0	1.0	0.0015	1.0	0.0	0.4	0.5	
European Starling	0.46153846153846156	0.3	1.0	0.7142857142857143	0.25	0.42857142857142855	0.5263157894736842	0.7857142857142857	0.42857142857142855	0.5555555555555556	0.2222222222222222	0.17647058823529413	0.0015	0.2727272727272727	0.16666666666666666	0.14285714285714285	0.0625	0.35714285714285715	0.0015	0.06666666666666667	0.23076923076923078	0.3333333333333333	0.14285714285714285	0.0015	0.2857142857142857	0.0	0.375	0.25	0.09090909090909091	0.2222222222222222	0.5	0.0015	0.0015	0.0	0.0015	0.14285714285714285	0.0	0.16666666666666666	0.1111111111111111	0.2857142857142857	0.5	0.0015	1.0	0.0015	1.0	0.0	0.4	0.25	
American Pipit	0.0	0.0	0.0015	0.0	0.0	0.0	0.05263157894736842	0.0	0.0	0.0015	0.05555555555555555	0.0015	0.0	0.0	0.0	0.0015	0.0	0.0	0.0	0.0	0.0	0.0	0.0	0.0	0.0	0.0	0.0	0.0	0.0	0.0	0.0	0.0	0.0	0.0	0.0	0.14285714285714285	0.0	0.0015	0.0	0.0	0.0	0.0015	0.0015	0.0	0.0	0.0	0.2	0.25	
Cedar Waxwing	0.0	0.0	0.16666666666666666	0.0	0.0	0.0	0.0	0.0	0.0	0.0	0.0	0.0	0.0	0.0	0.0	0.0	0.0	0.07142857142857142	0.0015	0.26666666666666666	0.3076923076923077	0.16666666666666666	0.0	0.0	0.0	0.0015	0.25	0.0	0.0	0.1111111111111111	0.3333333333333333	0.16666666666666666	0.16666666666666666	0.25	0.0015	0.14285714285714285	0.0	0.0015	0.0	0.14285714285714285	0.0	0.25	1.0	0.16666666666666666	0.0	0.0	0.4	0.0	
Lapland Longspur	0.0	0.0	0.0015	0.0	0.0	0.0	0.05263157894736842	0.0015	0.0	0.0	0.0	0.0	0.0	0.0	0.0	0.0	0.0	0.0	0.0	0.0	0.0	0.0	0.0	0.0	0.0	0.0	0.0	0.0	0.0	0.0	0.0	0.0	0.0	0.0	0.0	0.0	0.0	0.0	0.0	0.0	0.0	0.0	0.0015	0.0	0.0	0.0	0.0	0.25	
Ovenbird	0.0	0.0	0.0	0.0	0.0	0.0	0.0	0.0	0.0	0.0	0.0	0.0	0.0	0.0	0.0015	0.21428571428571427	0.0015	0.2857142857142857	0.0015	0.0015	0.38461538461538464	0.6666666666666666	0.14285714285714285	0.0	0.14285714285714285	0.0	0.0	0.125	0.0	0.1111111111111111	0.0	0.0	0.0	0.0	0.4	0.2857142857142857	0.0015	0.0	0.0	0.0	0.0	0.0	0.0	0.0	0.0	0.0	0.0	0.0	
Worm-eating Warbler	0.0	0.0	0.0	0.0	0.0	0.0	0.0	0.0	0.0	0.0	0.0	0.0	0.0	0.0	0.0015	0.0	0.0015	0.21428571428571427	0.0015	0.0	0.23076923076923078	0.3333333333333333	0.0	0.25	0.0	0.0	0.125	0.125	0.18181818181818182	0.0	0.0015	0.0	0.0	0.0	0.0015	0.0015	0.0	0.0	0.0	0.0	0.0	0.0	0.0	0.0	0.0	0.0	0.0	0.0	
Louisiana Waterthrush	0.0	0.0	0.0	0.0	0.0	0.0	0.0	0.0	0.0	0.0	0.0015	0.11764705882352941	0.0015	0.09090909090909091	0.0015	0.14285714285714285	0.0015	0.14285714285714285	0.0015	0.0	0.3076923076923077	0.16666666666666666	0.14285714285714285	0.0	0.14285714285714285	0.0	0.0015	0.0	0.0	0.0	0.0015	0.0	0.0	0.0	0.0	0.0	0.0	0.0	0.0	0.0	0.0	0.0	0.0	0.0	0.0	0.0	0.0	0.0	
Northern Waterthrush	0.0	0.0	0.0	0.0	0.0	0.0	0.0	0.0	0.0	0.0	0.0	0.0	0.0	0.0	0.0	0.0	0.0015	0.0	0.0	0.0	0.0	0.0	0.0	0.0	0.0	0.0	0.0	0.0	0.0	0.0	0.0	0.0	0.0015	0.0	0.0015	0.0015	0.0	0.0	0.0015	0.0	0.0015	0.0	0.0	0.0	0.0	0.0	0.0	0.0	
Blue-winged Warbler	0.0	0.0	0.0	0.0	0.0	0.0	0.0	0.0	0.0	0.0	0.0	0.0	0.0	0.0	0.0015	0.14285714285714285	0.0015	0.14285714285714285	0.2	0.0	0.0015	0.0	0.0	0.0	0.0	0.0	0.0	0.0	0.0015	0.0	0.0015	0.0	0.0015	0.0	0.0015	0.0015	0.0	0.0	0.0	0.0	0.0	0.0	0.0	0.0	0.0	0.0	0.0	0.0	
Golden-winged Warbler	0.0	0.0	0.0	0.0	0.0	0.0	0.0	0.0	0.0	0.0	0.0	0.0	0.0	0.0	0.0015	0.0	0.0015	0.0	0.0	0.0	0.0	0.0	0.0	0.0	0.0	0.0	0.0	0.0	0.0	0.0	0.0	0.0	0.16666666666666666	0.25	0.2	0.0015	0.0	0.0	0.0	0.0	0.0	0.0	0.0	0.0	0.0	0.0	0.0	0.0	
Lawrence's Warbler (hybrid)	0.0	0.0	0.0	0.0	0.0	0.0	0.0	0.0	0.0	0.0	0.0	0.0	0.0	0.0	0.0	0.0	0.0	0.0	0.0	0.0	0.0015	0.0	0.0	0.0	0.0	0.0	0.0	0.0	0.0	0.0	0.0	0.0	0.0	0.0	0.0	0.0	0.0	0.0	0.0	0.0	0.0	0.0	0.0	0.0	0.0	0.0	0.0	0.0	
Black-and-white Warbler	0.0	0.0	0.0	0.0	0.0	0.0	0.0	0.0	0.0	0.0	0.0	0.0015	0.0015	0.09090909090909091	0.0015	0.07142857142857142	0.0015	0.2857142857142857	0.0015	0.13333333333333333	0.3076923076923077	0.6666666666666666	0.14285714285714285	0.0015	0.0	0.0015	0.125	0.0015	0.2727272727272727	0.1111111111111111	0.0	0.0015	0.16666666666666666	0.25	0.0015	0.2857142857142857	0.0015	0.0015	0.0	0.0	0.0	0.0	0.0	0.0	0.0	0.0	0.0	0.0	
Prothonotary Warbler	0.0	0.0	0.0	0.0	0.0	0.0	0.0	0.0	0.0	0.0	0.0	0.0	0.0	0.0015	0.0015	0.07142857142857142	0.0625	0.21428571428571427	0.0015	0.06666666666666667	0.0015	0.16666666666666666	0.0015	0.0015	0.0	0.0	0.0015	0.0015	0.09090909090909091	0.0	0.0015	0.0	0.16666666666666666	0.25	0.0015	0.0	0.0	0.0	0.0	0.0	0.0	0.0	0.0	0.0	0.0	0.0	0.0	0.0	
Swainson's Warbler	0.0	0.0	0.0	0.0	0.0	0.0	0.0	0.0	0.0	0.0	0.0	0.0	0.0	0.0	0.0	0.0	0.0	0.0015	0.0015	0.0	0.0	0.16666666666666666	0.0	0.25	0.0	0.0	0.0	0.125	0.0	0.1111111111111111	0.0	0.0	0.0	0.0	0.0	0.0	0.0	0.0	0.0	0.0	0.0	0.0	0.0	0.0	0.0	0.0	0.0	0.0	
Tennessee Warbler	0.0	0.0	0.0	0.0	0.0	0.0	0.0	0.0	0.0	0.0	0.0	0.0	0.0	0.0	0.0	0.0	0.0015	0.0015	0.2	0.0	0.0	0.0	0.0	0.0	0.0	0.0	0.0	0.0	0.0	0.0	0.0	0.0015	0.0015	0.25	0.2	0.2857142857142857	0.14285714285714285	0.3333333333333333	0.2222222222222222	0.14285714285714285	0.0	0.0	0.0	0.0	0.0	0.0	0.0	0.0	
Orange-crowned Warbler	0.0	0.0	0.0	0.0	0.0	0.0	0.0	0.0	0.0	0.0	0.0	0.0	0.0	0.0	0.0	0.0015	0.0	0.0	0.0	0.0	0.0	0.0	0.0	0.0	0.0	0.0	0.0	0.0	0.0	0.0	0.0	0.0	0.0015	0.0	0.0	0.0015	0.0	0.0	0.0	0.0	0.0	0.0	0.0	0.0	0.0	0.0	0.0	0.0	
Nashville Warbler	0.0	0.0	0.0	0.0	0.0	0.0	0.0	0.0	0.0	0.0	0.0	0.0	0.0	0.0	0.0	0.0015	0.0015	0.0	0.0	0.0	0.0	0.0	0.0	0.0	0.0	0.0	0.0	0.0	0.0	0.0	0.0	0.0	0.0	0.25	0.0015	0.2857142857142857	0.14285714285714285	0.0015	0.0015	0.0	0.0	0.0	0.0	0.0	0.0	0.0	0.0	0.0	
Mourning Warbler	0.0	0.0	0.0	0.0	0.0	0.0	0.0	0.0	0.0	0.0	0.0	0.0	0.0	0.0	0.0	0.0	0.0	0.0	0.0	0.0015	0.0	0.0	0.0	0.0	0.0	0.0	0.0	0.0	0.0	0.0	0.0	0.0	0.0	0.0	0.0	0.0	0.0	0.0	0.0	0.0	0.0	0.0	0.0	0.0	0.0	0.0015	0.0	0.0	
Kentucky Warbler	0.0	0.0	0.0	0.0	0.0	0.0	0.0	0.0	0.0	0.0	0.0	0.0	0.0	0.0	0.0	0.07142857142857142	0.0015	0.2857142857142857	0.0015	0.0	0.23076923076923078	0.3333333333333333	0.14285714285714285	0.0	0.14285714285714285	0.0	0.0015	0.0	0.0015	0.0	0.0	0.0	0.0	0.0	0.0	0.0	0.0	0.0	0.0	0.0	0.0	0.0	0.0	0.0	0.0	0.0	0.0	0.0	
Common Yellowthroat	0.0	0.0	0.0	0.0	0.0	0.0	0.0	0.0	0.0	0.0	0.0	0.0	0.0	0.0	0.16666666666666666	0.21428571428571427	0.125	0.35714285714285715	0.2	0.13333333333333333	0.3076923076923077	0.3333333333333333	0.14285714285714285	0.0015	0.42857142857142855	0.0	0.125	0.0015	0.18181818181818182	0.1111111111111111	0.16666666666666666	0.0015	0.3333333333333333	0.25	0.2	0.2857142857142857	0.2857142857142857	0.3333333333333333	0.0015	0.0015	0.0015	0.0	0.0	0.0	0.0	0.0	0.0	0.0	
Hooded Warbler	0.0	0.0	0.0	0.0	0.0	0.0	0.0	0.0	0.0	0.0	0.0	0.0	0.0	0.09090909090909091	0.16666666666666666	0.07142857142857142	0.0015	0.35714285714285715	0.0015	0.06666666666666667	0.3076923076923077	0.5	0.14285714285714285	0.25	0.14285714285714285	0.0	0.0015	0.125	0.0	0.1111111111111111	0.16666666666666666	0.0	0.0015	0.0	0.2	0.0	0.0	0.16666666666666666	0.0	0.0	0.0	0.0	0.0	0.0	0.0	0.0	0.0	0.0	
American Redstart	0.0	0.0	0.0	0.0	0.0	0.0	0.0	0.0	0.0	0.0	0.0	0.0	0.0	0.0	0.0	0.14285714285714285	0.0625	0.21428571428571427	0.0015	0.0	0.15384615384615385	0.0015	0.0	0.0015	0.0	0.0	0.0	0.125	0.0	0.0	0.0	0.0015	0.3333333333333333	0.25	0.4	0.2857142857142857	0.0015	0.0015	0.0	0.0	0.0	0.0	0.0	0.0	0.0	0.0	0.0	0.0	
Cape May Warbler	0.0	0.0	0.0	0.0	0.0	0.0	0.0	0.0	0.0	0.0	0.0	0.0	0.0	0.0	0.0	0.0	0.0015	0.14285714285714285	0.0	0.0	0.0	0.0	0.0	0.0	0.0	0.0	0.0	0.0	0.0	0.0	0.0	0.0	0.0015	0.0	0.0015	0.0015	0.0	0.0015	0.0	0.0	0.0	0.0	0.0	0.0	0.0	0.0	0.0	0.0	
Cerulean Warbler	0.0	0.0	0.0	0.0	0.0	0.0	0.0	0.0	0.0	0.0	0.0	0.0	0.0	0.0015	0.0	0.0015	0.0015	0.07142857142857142	0.0	0.0	0.23076923076923078	0.0	0.0	0.0	0.14285714285714285	0.0	0.0	0.0	0.0	0.0015	0.0	0.0015	0.0	0.0	0.0	0.0	0.0	0.0	0.0	0.0	0.0	0.0	0.0	0.0	0.0	0.0	0.0	0.0	
Northern Parula	0.0	0.0	0.0	0.0	0.0	0.0	0.0	0.0	0.0	0.0	0.0	0.0	0.0015	0.18181818181818182	0.0015	0.21428571428571427	0.0625	0.21428571428571427	0.0015	0.13333333333333333	0.3076923076923077	0.5	0.14285714285714285	0.0015	0.2857142857142857	0.0	0.125	0.0015	0.09090909090909091	0.0	0.0015	0.0	0.0015	0.0015	0.0015	0.14285714285714285	0.0	0.0015	0.0	0.0	0.0	0.0	0.0	0.0	0.0	0.0	0.0	0.0	
Magnolia Warbler	0.0	0.0	0.0	0.0	0.0	0.0	0.0	0.0	0.0	0.0	0.0	0.0	0.0	0.0	0.0	0.0	0.0	0.07142857142857142	0.0015	0.06666666666666667	0.07692307692307693	0.0	0.0	0.0	0.0	0.0	0.0	0.0	0.0	0.0	0.0	0.0	0.3333333333333333	0.25	0.4	0.42857142857142855	0.14285714285714285	0.3333333333333333	0.0	0.0	0.0	0.0	0.0	0.0	0.0	0.0	0.0	0.0	
Bay-breasted Warbler	0.0	0.0	0.0	0.0	0.0	0.0	0.0	0.0	0.0	0.0	0.0	0.0	0.0	0.0	0.0	0.0	0.0015	0.21428571428571427	0.0015	0.0	0.0	0.0	0.0	0.0	0.0	0.0	0.0	0.0	0.0	0.0	0.0	0.0	0.16666666666666666	0.25	0.0015	0.14285714285714285	0.14285714285714285	0.3333333333333333	0.0	0.0	0.0	0.0	0.0	0.0	0.0	0.0	0.0	0.0	
Blackburnian Warbler	0.0	0.0	0.0	0.0	0.0	0.0	0.0	0.0	0.0	0.0	0.0	0.0	0.0	0.0	0.0	0.0	0.0	0.0015	0.0015	0.0	0.07692307692307693	0.0	0.0	0.0	0.0	0.0	0.0	0.0	0.0	0.0	0.0	0.0015	0.0015	0.25	0.0	0.14285714285714285	0.0	0.0	0.0	0.0	0.0	0.0	0.0	0.0	0.0	0.0	0.0	0.0	
Yellow Warbler	0.0	0.0	0.0	0.0	0.0	0.0	0.0	0.0	0.0	0.0	0.0	0.0	0.0	0.0	0.0015	0.07142857142857142	0.0015	0.14285714285714285	0.0015	0.0015	0.07692307692307693	0.16666666666666666	0.0015	0.0015	0.14285714285714285	0.0	0.0	0.0	0.09090909090909091	0.1111111111111111	0.16666666666666666	0.0	0.0015	0.25	0.0	0.14285714285714285	0.0	0.0	0.0	0.0	0.0	0.0	0.0	0.0	0.0	0.0	0.0	0.0	
Chestnut-sided Warbler	0.0	0.0	0.0	0.0	0.0	0.0	0.0	0.0	0.0	0.0	0.0	0.0	0.0	0.0	0.0	0.0	0.0015	0.07142857142857142	0.0015	0.0	0.07692307692307693	0.0	0.0	0.0	0.0	0.0	0.0	0.0	0.0	0.0	0.0015	0.0015	0.16666666666666666	0.25	0.0015	0.14285714285714285	0.0015	0.0015	0.0	0.0	0.0	0.0	0.0	0.0	0.0	0.0	0.0	0.0	
Blackpoll Warbler	0.0	0.0	0.0	0.0	0.0	0.0	0.0	0.0	0.0	0.0	0.0	0.0	0.0	0.0	0.0	0.0	0.0015	0.21428571428571427	0.0015	0.0	0.0	0.0	0.0	0.0	0.0	0.0	0.0	0.0	0.0	0.0	0.0	0.0	0.0	0.0	0.0	0.0	0.0	0.0	0.0	0.0	0.0	0.0	0.0	0.0	0.0	0.0	0.0	0.0	
Black-throated Blue Warbler	0.0	0.0	0.0	0.0	0.0	0.0	0.0	0.0	0.0	0.0	0.0	0.0	0.0	0.0	0.0	0.0	0.0	0.0015	0.0015	0.0	0.07692307692307693	0.0	0.0	0.0	0.0	0.0	0.0	0.0	0.0	0.0	0.0	0.0	0.0	0.0015	0.0015	0.0	0.0	0.0	0.0	0.0	0.0	0.0	0.0	0.0	0.0	0.0	0.0	0.0	
Palm Warbler	0.0	0.0	0.0	0.0	0.0	0.0	0.0	0.0	0.0	0.0	0.0	0.0	0.0	0.0	0.16666666666666666	0.07142857142857142	0.0625	0.0	0.0015	0.0	0.0	0.0	0.0	0.0	0.0	0.0	0.0	0.0	0.0	0.0	0.0	0.0	0.0	0.0	0.0015	0.2857142857142857	0.0015	0.16666666666666666	0.3333333333333333	0.0015	0.0	0.0	0.0	0.0	0.5	0.0	0.2	0.0	
Pine Warbler	0.0	0.0	0.0	0.0015	0.0	0.0	0.0	0.0	0.0	0.0015	0.16666666666666666	0.058823529411764705	0.0015	0.09090909090909091	0.16666666666666666	0.0	0.0015	0.07142857142857142	0.0015	0.0	0.23076923076923078	0.16666666666666666	0.14285714285714285	0.0	0.0	0.0	0.0	0.125	0.0	0.0	0.0	0.0	0.0015	0.0	0.0015	0.0015	0.0015	0.16666666666666666	0.0	0.0	0.0	0.0	0.0	0.0	0.0015	0.0	0.0	0.0	
Yellow-rumped Warbler	0.15384615384615385	0.0	0.16666666666666666	0.07142857142857142	0.0015	0.0	0.15789473684210525	0.0	0.14285714285714285	0.0015	0.05555555555555555	0.058823529411764705	0.5	0.0015	0.16666666666666666	0.14285714285714285	0.0015	0.2857142857142857	0.0	0.0	0.0	0.0	0.0	0.0	0.0	0.0	0.0	0.0	0.0	0.0	0.0	0.0	0.0	0.0	0.0015	0.14285714285714285	0.0015	0.16666666666666666	0.3333333333333333	0.42857142857142855	1.0	0.25	1.0	0.0015	0.5	0.0	0.6	0.5	
Yellow-throated Warbler	0.0	0.0	0.0	0.0	0.0	0.0	0.0	0.0	0.0	0.0	0.0	0.0	0.0015	0.09090909090909091	0.0015	0.14285714285714285	0.125	0.2857142857142857	0.0	0.2	0.3076923076923077	0.5	0.14285714285714285	0.25	0.2857142857142857	0.0	0.25	0.0015	0.09090909090909091	0.0	0.0015	0.0	0.0015	0.25	0.2	0.14285714285714285	0.0015	0.0	0.0	0.0	0.0	0.0	0.0	0.0	0.0	0.0	0.0	0.0	
Prairie Warbler	0.0	0.0	0.0	0.0	0.0	0.0	0.0	0.0	0.0	0.0	0.0	0.0	0.0015	0.0	0.16666666666666666	0.2857142857142857	0.0625	0.35714285714285715	0.0015	0.0015	0.23076923076923078	0.5	0.0015	0.0	0.0	0.0	0.125	0.0	0.0015	0.2222222222222222	0.0	0.0	0.0015	0.0	0.0	0.2857142857142857	0.0015	0.0	0.0	0.0	0.0	0.0	0.0	0.0	0.0	0.0	0.0	0.0	
Black-throated Green Warbler	0.0	0.0	0.0	0.0	0.0	0.0	0.0	0.0	0.0	0.0	0.0	0.058823529411764705	0.0015	0.09090909090909091	0.0015	0.07142857142857142	0.0015	0.07142857142857142	0.0015	0.06666666666666667	0.3076923076923077	0.16666666666666666	0.14285714285714285	0.25	0.0	0.0	0.0015	0.125	0.0	0.0015	0.0	0.0	0.0015	0.0	0.0015	0.14285714285714285	0.2857142857142857	0.3333333333333333	0.1111111111111111	0.0	0.0	0.0	0.0	0.0	0.0	0.0	0.0	0.0	
Canada Warbler	0.0	0.0	0.0	0.0	0.0	0.0	0.0	0.0	0.0	0.0	0.0	0.0	0.0	0.0	0.0	0.0	0.0	0.0015	0.0015	0.0	0.0	0.0	0.0	0.0	0.0	0.0	0.0	0.0	0.0	0.0	0.0	0.0	0.0015	0.0	0.0	0.0	0.0	0.0	0.0	0.0	0.0	0.0	0.0	0.0	0.0	0.0	0.0	0.0	
Wilson's Warbler	0.0	0.0	0.0	0.0	0.0	0.0	0.0	0.0	0.0	0.0	0.0	0.0	0.0	0.0	0.0	0.0	0.0	0.0015	0.0015	0.0015	0.0	0.0	0.0	0.0	0.0	0.0	0.0	0.0	0.0	0.0	0.0	0.0015	0.0015	0.0	0.0	0.0	0.0	0.0	0.0	0.0	0.0	0.0	0.0	0.0	0.0	0.0	0.0	0.0	
Yellow-breasted Chat	0.0	0.0	0.0	0.0	0.0	0.0	0.0	0.0	0.0	0.0	0.0	0.0	0.0	0.0	0.0	0.07142857142857142	0.0625	0.35714285714285715	0.2	0.0015	0.38461538461538464	0.5	0.14285714285714285	0.0015	0.2857142857142857	0.0	0.125	0.125	0.0015	0.0	0.0015	0.0	0.0015	0.0	0.0	0.0015	0.0	0.0	0.0	0.0	0.0	0.0	0.0	0.0	0.0	0.0	0.0	0.0	
Spotted Towhee	0.0	0.0	0.0	0.0	0.0	0.0	0.0	0.0	0.0	0.0	0.0	0.0	0.0	0.0	0.0	0.0	0.0	0.0	0.0	0.0	0.0	0.0	0.0	0.0	0.0	0.0	0.0	0.0	0.0	0.0	0.0	0.0	0.0	0.0	0.0	0.0	0.0	0.0	0.0	0.0	0.0	0.0	0.0	0.0	0.0	0.0	0.0	0.0015	
Eastern Towhee	0.23076923076923078	0.0	0.5	0.2857142857142857	0.0	0.14285714285714285	0.21052631578947367	0.21428571428571427	0.2857142857142857	0.2222222222222222	0.2777777777777778	0.11764705882352941	0.5	0.18181818181818182	0.5	0.35714285714285715	0.125	0.42857142857142855	0.2	0.26666666666666666	0.38461538461538464	0.3333333333333333	0.42857142857142855	0.0015	0.2857142857142857	0.5	0.5	0.125	0.18181818181818182	0.3333333333333333	0.3333333333333333	0.0015	0.0015	0.0015	0.6	0.5714285714285714	0.14285714285714285	0.3333333333333333	0.4444444444444444	0.5714285714285714	1.0	0.25	1.0	0.5	0.5	1.0	0.6	0.5	
Bachman's Sparrow	0.0	0.0	0.0	0.0	0.0	0.0	0.0	0.0	0.0	0.0	0.0	0.0	0.0	0.0	0.0	0.0	0.0	0.0	0.0015	0.0015	0.0	0.0015	0.0	0.0	0.0	0.0	0.0	0.0	0.0	0.0	0.0	0.0	0.0	0.0	0.0	0.0	0.0	0.0	0.0	0.0	0.0	0.0	0.0	0.0	0.0	0.0	0.0	0.0	
American Tree Sparrow	0.07692307692307693	0.0	0.0015	0.0	0.0015	0.0	0.05263157894736842	0.0	0.0	0.0015	0.0	0.0	0.0	0.0	0.0	0.0	0.0	0.0	0.0	0.0	0.0	0.0	0.0	0.0	0.0	0.0	0.0	0.0	0.0	0.0	0.0	0.0	0.0	0.0	0.0	0.0	0.0	0.0	0.0	0.0	0.0	0.0	0.0015	0.0015	0.0	0.0	0.0	0.25	
Chipping Sparrow	0.0	0.0	0.16666666666666666	0.0	0.0	0.0	0.0	0.0	0.0	0.0	0.16666666666666666	0.058823529411764705	0.0015	0.36363636363636365	0.16666666666666666	0.21428571428571427	0.0625	0.35714285714285715	0.0	0.06666666666666667	0.3076923076923077	0.5	0.0	0.0	0.14285714285714285	0.5	0.375	0.125	0.0	0.1111111111111111	0.16666666666666666	0.0015	0.0	0.0	0.2	0.14285714285714285	0.0015	0.16666666666666666	0.3333333333333333	0.14285714285714285	0.0015	0.0015	1.0	0.0	0.5	0.0015	0.2	0.0	
Clay-colored Sparrow	0.0	0.0	0.0	0.0	0.0	0.0	0.0	0.0	0.0	0.0	0.0	0.0	0.0	0.0	0.0	0.0	0.0	0.0	0.0	0.0	0.0	0.0	0.0	0.0	0.0	0.0	0.0	0.0	0.0	0.0	0.0	0.0	0.0	0.0	0.0	0.0	0.0	0.0	0.0	0.0	0.0	0.0015	0.0	0.0	0.0	0.0	0.0	0.0	
Field Sparrow	0.15384615384615385	0.0015	0.16666666666666666	0.0015	0.0015	0.0015	0.15789473684210525	0.07142857142857142	0.0015	0.0	0.2222222222222222	0.0015	0.5	0.18181818181818182	0.16666666666666666	0.35714285714285715	0.0625	0.2857142857142857	0.0015	0.06666666666666667	0.3076923076923077	0.5	0.0	0.0015	0.14285714285714285	0.0	0.125	0.0015	0.0015	0.1111111111111111	0.16666666666666666	0.16666666666666666	0.16666666666666666	0.25	0.2	0.42857142857142855	0.2857142857142857	0.3333333333333333	0.2222222222222222	0.2857142857142857	0.0015	0.0	1.0	0.3333333333333333	1.0	0.0015	0.6	0.5	
Vesper Sparrow	0.0	0.0	0.0	0.0	0.0	0.0	0.0	0.0	0.0	0.0015	0.0015	0.0015	0.0	0.09090909090909091	0.0	0.0	0.0	0.0	0.0	0.0	0.0	0.0	0.0	0.0	0.0	0.0	0.0	0.0	0.0	0.0	0.0	0.0	0.0	0.0	0.0	0.0	0.0	0.0	0.1111111111111111	0.0015	0.0015	0.0	0.0	0.0	0.0	0.0	0.0	0.0	
Lark Sparrow	0.0	0.0	0.0	0.0	0.0	0.0	0.0	0.0	0.0	0.0	0.0	0.0	0.0	0.0	0.0	0.0015	0.0	0.0	0.0015	0.0015	0.0015	0.0015	0.0	0.0	0.0	0.0	0.0	0.0	0.0	0.0	0.0	0.0	0.0	0.0015	0.0	0.0	0.0	0.0	0.0	0.0	0.0	0.0	0.0	0.0	0.0	0.0	0.0	0.0	
Savannah Sparrow	0.15384615384615385	0.0015	0.0	0.0	0.0	0.0	0.10526315789473684	0.0	0.0	0.0015	0.1111111111111111	0.0015	0.0	0.0015	0.16666666666666666	0.0015	0.0015	0.0	0.0	0.0	0.0015	0.0	0.0	0.0	0.0	0.0	0.0	0.0	0.0	0.0	0.0	0.0	0.0	0.0	0.0	0.0	0.0015	0.3333333333333333	0.2222222222222222	0.14285714285714285	0.0015	0.0	0.0	0.0	1.0	0.0	0.2	0.0	
Grasshopper Sparrow	0.0	0.0	0.0	0.0	0.0	0.0	0.0	0.0	0.0	0.0	0.0	0.0	0.0	0.0	0.16666666666666666	0.0015	0.0625	0.14285714285714285	0.0	0.0	0.07692307692307693	0.0	0.0	0.0	0.0	0.0015	0.125	0.125	0.09090909090909091	0.0	0.16666666666666666	0.0015	0.0	0.0	0.0	0.0	0.0	0.0	0.0015	0.0	0.0	0.0	0.0	0.0	0.0	0.0	0.0	0.0	
Henslow's Sparrow	0.0	0.0	0.0	0.0	0.0	0.0	0.0	0.0	0.0	0.0	0.0	0.0	0.0	0.0	0.16666666666666666	0.0015	0.0	0.07142857142857142	0.2	0.0015	0.07692307692307693	0.0015	0.0015	0.0	0.0	0.0	0.0015	0.0	0.0015	0.1111111111111111	0.0	0.0015	0.0	0.0	0.0	0.0	0.0	0.0	0.0	0.0015	0.0	0.0	0.0	0.0	0.0	0.0	0.0	0.0	
Le Conte's Sparrow	0.0	0.0	0.0	0.0	0.0	0.0	0.0	0.0	0.0	0.0	0.0	0.0	0.0	0.0	0.0	0.0	0.0	0.0	0.0	0.0	0.0	0.0	0.0	0.0	0.0	0.0	0.0	0.0	0.0	0.0	0.0	0.0	0.0	0.0	0.0	0.0	0.0	0.0	0.1111111111111111	0.0015	0.0	0.0	0.0015	0.0	0.0	0.0	0.0	0.0015	
Nelson's Sparrow	0.0	0.0	0.0	0.0	0.0	0.0	0.0	0.0	0.0	0.0	0.0	0.0	0.0	0.0	0.0	0.0	0.0	0.0	0.0	0.0	0.0	0.0	0.0	0.0	0.0	0.0	0.0	0.0	0.0	0.0	0.0	0.0	0.0	0.0	0.0	0.0	0.0	0.0	0.1111111111111111	0.0	0.0	0.0	0.0	0.0	0.0	0.0	0.0	0.0	
Fox Sparrow	0.3076923076923077	0.0	0.0	0.0015	0.0015	0.14285714285714285	0.10526315789473684	0.07142857142857142	0.0	0.2222222222222222	0.05555555555555555	0.0	0.0	0.0	0.0	0.0	0.0	0.0	0.0	0.0	0.0	0.0	0.0	0.0	0.0	0.0	0.0	0.0	0.0	0.0	0.0	0.0	0.0	0.0	0.0	0.0	0.0	0.0	0.0	0.0	0.0015	0.25	1.0	0.0015	0.0	0.0	0.2	0.0	
Song Sparrow	0.15384615384615385	0.1	0.5	0.07142857142857142	0.25	0.14285714285714285	0.2631578947368421	0.14285714285714285	0.42857142857142855	0.2222222222222222	0.3888888888888889	0.23529411764705882	0.0015	0.18181818181818182	0.3333333333333333	0.14285714285714285	0.0625	0.5	0.4	0.2	0.3076923076923077	0.3333333333333333	0.0	0.0015	0.14285714285714285	0.0015	0.375	0.0015	0.18181818181818182	0.1111111111111111	0.5	0.16666666666666666	0.0	0.5	0.0015	0.0	0.14285714285714285	0.3333333333333333	0.1111111111111111	0.42857142857142855	0.5	0.0015	1.0	0.3333333333333333	1.0	0.0015	1.0	0.5	
Lincoln's Sparrow	0.0	0.0	0.0	0.0	0.0	0.0	0.0	0.0	0.0	0.0	0.0	0.0	0.0	0.0	0.0	0.0	0.0625	0.0015	0.0	0.0	0.0	0.0	0.0	0.0	0.0	0.0	0.0	0.0	0.0	0.0	0.0	0.0	0.0	0.0	0.0	0.0015	0.14285714285714285	0.16666666666666666	0.0	0.0015	0.0	0.0	0.0	0.0	0.0	0.0	0.0	0.0	
Swamp Sparrow	0.15384615384615385	0.0	0.0015	0.0	0.0015	0.0	0.0	0.07142857142857142	0.14285714285714285	0.0	0.16666666666666666	0.0015	0.0015	0.09090909090909091	0.0015	0.14285714285714285	0.0015	0.0	0.0	0.0	0.0	0.0	0.0	0.0	0.0	0.0	0.0	0.0	0.0	0.0	0.0	0.0	0.0	0.0	0.0	0.0015	0.2857142857142857	0.3333333333333333	0.2222222222222222	0.2857142857142857	0.0015	0.0	1.0	0.16666666666666666	1.0	0.0	0.2	0.5	
White-throated Sparrow	0.6923076923076923	0.5	0.8333333333333334	0.42857142857142855	0.25	0.2857142857142857	0.2631578947368421	0.2857142857142857	0.5714285714285714	0.4444444444444444	0.3333333333333333	0.29411764705882354	0.0015	0.18181818181818182	0.5	0.21428571428571427	0.0625	0.07142857142857142	0.0	0.0	0.0	0.0	0.0	0.0	0.0	0.0	0.0	0.0	0.0	0.0	0.0	0.0	0.0	0.0	0.0	0.0	0.0015	0.16666666666666666	0.3333333333333333	0.7142857142857143	1.0	0.25	1.0	0.8333333333333334	0.5	1.0	1.0	0.5	
White-crowned Sparrow	0.15384615384615385	0.0015	0.0015	0.0015	0.0	0.0	0.21052631578947367	0.0015	0.0	0.0	0.05555555555555555	0.0	0.0015	0.09090909090909091	0.0015	0.07142857142857142	0.125	0.0	0.0	0.0	0.0	0.0	0.0	0.0	0.0	0.0	0.0	0.0	0.0	0.0	0.0	0.0	0.0	0.0	0.0	0.0	0.0	0.0015	0.2222222222222222	0.14285714285714285	0.0015	0.0	1.0	0.3333333333333333	1.0	0.0015	0.4	0.5	
Dark-eyed Junco	0.6153846153846154	0.6	0.8333333333333334	0.35714285714285715	0.25	0.2857142857142857	0.47368421052631576	0.14285714285714285	0.2857142857142857	0.4444444444444444	0.5	0.35294117647058826	0.5	0.18181818181818182	0.0	0.0	0.0	0.0	0.0	0.0	0.07692307692307693	0.0	0.0	0.0	0.0	0.0	0.0	0.0	0.0	0.0	0.0	0.0	0.0	0.0	0.0	0.0	0.0	0.0	0.4444444444444444	0.5714285714285714	1.0	0.25	1.0	0.5	1.0	1.0	0.8	0.75	
Summer Tanager	0.0	0.0	0.0	0.0	0.0	0.0	0.0	0.0	0.0	0.0	0.0	0.0	0.0	0.0	0.0	0.0015	0.0015	0.2857142857142857	0.0015	0.06666666666666667	0.07692307692307693	0.3333333333333333	0.0	0.0015	0.14285714285714285	0.0	0.25	0.0	0.09090909090909091	0.0	0.0015	0.0015	0.0015	0.25	0.0015	0.14285714285714285	0.0015	0.16666666666666666	0.0	0.0	0.0	0.0	0.0	0.0	0.0	0.0	0.0	0.0	
Scarlet Tanager	0.0	0.0	0.0	0.0	0.0	0.0	0.0	0.0	0.0	0.0	0.0	0.0	0.0	0.0	0.0015	0.21428571428571427	0.125	0.2857142857142857	0.2	0.06666666666666667	0.3076923076923077	0.5	0.14285714285714285	0.0	0.2857142857142857	0.5	0.125	0.125	0.09090909090909091	0.1111111111111111	0.16666666666666666	0.0	0.0015	0.5	0.2	0.0015	0.0015	0.16666666666666666	0.0	0.0	0.0	0.0	0.0	0.0	0.0	0.0	0.0	0.0	
Northern Cardinal	0.7692307692307693	0.7	1.0	0.9285714285714286	0.5	0.42857142857142855	0.7368421052631579	0.8571428571428571	0.8571428571428571	0.6666666666666666	0.7777777777777778	0.6470588235294118	0.5	0.8181818181818182	1.0	0.6428571428571429	0.6875	0.7142857142857143	0.6	0.4	0.7692307692307693	0.8333333333333334	0.5714285714285714	0.5	0.7142857142857143	1.0	0.75	0.625	0.36363636363636365	0.5555555555555556	0.8333333333333334	0.3333333333333333	0.5	1.0	0.6	0.7142857142857143	0.2857142857142857	0.5	0.3333333333333333	0.7142857142857143	1.0	0.5	1.0	0.8333333333333334	1.0	1.0	1.0	0.75	
Rose-breasted Grosbeak	0.0	0.0	0.0	0.0	0.0	0.0	0.0	0.0	0.0	0.0	0.0	0.0	0.0	0.0	0.0015	0.07142857142857142	0.1875	0.21428571428571427	0.0	0.0	0.07692307692307693	0.0	0.0	0.0	0.0	0.0	0.0	0.0	0.0	0.0	0.0	0.0	0.0	0.0	0.0015	0.14285714285714285	0.14285714285714285	0.3333333333333333	0.1111111111111111	0.0	0.0	0.0	0.0	0.0	0.0	0.0	0.0	0.0	
Blue Grosbeak	0.0	0.0	0.0	0.0	0.0	0.0	0.0	0.0	0.0	0.0	0.0	0.0	0.0	0.0	0.0	0.0	0.125	0.07142857142857142	0.0015	0.0	0.07692307692307693	0.16666666666666666	0.0	0.0015	0.0	0.0015	0.25	0.125	0.09090909090909091	0.1111111111111111	0.3333333333333333	0.0015	0.16666666666666666	0.0	0.0	0.0015	0.14285714285714285	0.0	0.0	0.0	0.0	0.0	0.0	0.0	0.0	0.0	0.0	0.0	
Indigo Bunting	0.0	0.0	0.0	0.0	0.0	0.0	0.0	0.0	0.0	0.0	0.0	0.0	0.0	0.0	0.0015	0.14285714285714285	0.25	0.35714285714285715	0.2	0.13333333333333333	0.46153846153846156	0.6666666666666666	0.14285714285714285	0.0015	0.5714285714285714	0.5	0.25	0.25	0.2727272727272727	0.1111111111111111	0.3333333333333333	0.16666666666666666	0.3333333333333333	0.5	0.2	0.2857142857142857	0.2857142857142857	0.3333333333333333	0.3333333333333333	0.0015	0.0	0.0	0.0	0.0	0.0	0.0	0.0	0.0	
Painted Bunting	0.0	0.0	0.0	0.0	0.0	0.0	0.0	0.0	0.0	0.0	0.0	0.0	0.0	0.0	0.0	0.0015	0.0015	0.0	0.0	0.0015	0.0	0.0	0.0015	0.0	0.0015	0.0	0.0	0.0015	0.0	0.0	0.0	0.0	0.0	0.0	0.0	0.0	0.0	0.0	0.0	0.0	0.0	0.0	0.0	0.0	0.0	0.0	0.0	0.0	
Dickcissel	0.0	0.0	0.0	0.0	0.0	0.0	0.0	0.0	0.0	0.0	0.0	0.0	0.0	0.0	0.0	0.0	0.0625	0.0015	0.0015	0.0015	0.0015	0.0	0.0	0.0015	0.0015	0.0	0.0015	0.0015	0.0015	0.0015	0.0015	0.0	0.0	0.0	0.0	0.0	0.0015	0.0	0.0	0.0	0.0	0.0	0.0	0.0	0.0	0.0	0.0	0.0	
Bobolink	0.0	0.0	0.0	0.0	0.0	0.0	0.0	0.0	0.0	0.0	0.0	0.0	0.0	0.0	0.0	0.0015	0.0015	0.0015	0.0	0.0015	0.0015	0.0	0.0	0.0	0.0	0.0	0.0	0.0	0.0	0.0	0.0	0.16666666666666666	0.0	0.0	0.0	0.0	0.0015	0.0	0.0	0.0	0.0	0.0	0.0	0.0	0.0	0.0	0.0	0.0	
Red-winged Blackbird	0.15384615384615385	0.0	0.0015	0.0	0.0015	0.14285714285714285	0.05263157894736842	0.0015	0.42857142857142855	0.2222222222222222	0.16666666666666666	0.058823529411764705	0.5	0.18181818181818182	0.5	0.14285714285714285	0.1875	0.2857142857142857	0.0015	0.06666666666666667	0.23076923076923078	0.5	0.0015	0.0015	0.14285714285714285	0.0	0.25	0.25	0.09090909090909091	0.0	0.16666666666666666	0.16666666666666666	0.0015	0.0	0.0015	0.0015	0.0015	0.16666666666666666	0.1111111111111111	0.2857142857142857	0.0015	0.0015	1.0	0.0015	1.0	0.0	0.4	0.5	
Western Meadowlark	0.0	0.0	0.0	0.0	0.0	0.0	0.05263157894736842	0.0	0.0	0.0015	0.0	0.0	0.0	0.0	0.0	0.0	0.0	0.0	0.0	0.0	0.0	0.0	0.0	0.0	0.0	0.0	0.0	0.0	0.0	0.0	0.0	0.0	0.0	0.0	0.0	0.0	0.0	0.0	0.0	0.0	0.0	0.0	0.0	0.0	0.0	0.0	0.0	0.0	
Eastern Meadowlark	0.15384615384615385	0.0	0.16666666666666666	0.0	0.0	0.0	0.10526315789473684	0.0015	0.0	0.1111111111111111	0.2777777777777778	0.058823529411764705	0.5	0.18181818181818182	0.0015	0.14285714285714285	0.125	0.21428571428571427	0.0015	0.13333333333333333	0.15384615384615385	0.16666666666666666	0.0	0.0015	0.14285714285714285	0.0	0.125	0.0015	0.0015	0.0	0.3333333333333333	0.0	0.16666666666666666	0.0015	0.0	0.14285714285714285	0.0	0.16666666666666666	0.1111111111111111	0.14285714285714285	0.0015	0.0	1.0	0.16666666666666666	1.0	0.0	0.4	0.25	
Rusty Blackbird	0.07692307692307693	0.0	0.0015	0.0	0.0015	0.0	0.0	0.0015	0.0	0.0	0.1111111111111111	0.0015	0.0	0.09090909090909091	0.0015	0.0	0.0	0.0	0.0	0.0	0.0	0.0	0.0	0.0	0.0	0.0	0.0	0.0	0.0	0.0	0.0	0.0	0.0	0.0	0.0	0.0	0.0	0.0	0.0	0.0	0.0	0.0015	0.0	0.16666666666666666	0.0015	0.0	0.0	0.5	
Brewer's Blackbird	0.0	0.0	0.0	0.0	0.0	0.0	0.0	0.0	0.0015	0.0015	0.0	0.0	0.0	0.0	0.0	0.0	0.0	0.0	0.0	0.0	0.0	0.0	0.0	0.0	0.0	0.0	0.0	0.0	0.0	0.0	0.0	0.0	0.0	0.0	0.0	0.0	0.0	0.0	0.0	0.0	0.0	0.0	0.0	0.0	0.0	0.0	0.0	0.0	
Common Grackle	0.15384615384615385	0.0015	0.0015	0.0015	0.0015	0.0015	0.21052631578947367	0.21428571428571427	0.14285714285714285	0.2222222222222222	0.3888888888888889	0.11764705882352941	0.0015	0.2727272727272727	0.16666666666666666	0.07142857142857142	0.3125	0.42857142857142855	0.0015	0.13333333333333333	0.15384615384615385	0.3333333333333333	0.14285714285714285	0.0015	0.7142857142857143	0.0	0.5	0.25	0.2727272727272727	0.1111111111111111	0.3333333333333333	0.16666666666666666	0.0015	0.0	0.0015	0.0015	0.0015	0.16666666666666666	0.1111111111111111	0.14285714285714285	0.0015	0.0015	0.0	0.16666666666666666	1.0	0.0	0.4	0.25	
Brown-headed Cowbird	0.0015	0.0	0.0015	0.0015	0.0015	0.0	0.0	0.07142857142857142	0.14285714285714285	0.0	0.16666666666666666	0.0015	0.0015	0.2727272727272727	0.0015	0.2857142857142857	0.125	0.2857142857142857	0.2	0.2	0.3076923076923077	0.3333333333333333	0.14285714285714285	0.0015	0.14285714285714285	0.0	0.125	0.0015	0.0015	0.0	0.0015	0.0015	0.0	0.0	0.0	0.14285714285714285	0.0015	0.0	0.0015	0.2857142857142857	0.0	0.0015	0.0	0.0	0.5	0.0	0.2	0.25	
Orchard Oriole	0.0	0.0	0.0	0.0	0.0	0.0	0.0	0.0	0.0	0.0	0.0	0.0	0.0	0.0	0.0015	0.14285714285714285	0.0625	0.21428571428571427	0.0015	0.0	0.15384615384615385	0.16666666666666666	0.0015	0.0015	0.0015	0.0015	0.0	0.0015	0.09090909090909091	0.0	0.0015	0.0015	0.0	0.0	0.0	0.0	0.0	0.0	0.0	0.0	0.0	0.0	0.0	0.0	0.0	0.0	0.0	0.0	
Baltimore Oriole	0.0	0.0	0.0	0.0	0.0	0.0	0.0	0.0	0.0	0.0	0.0	0.0	0.0	0.0	0.0015	0.07142857142857142	0.125	0.21428571428571427	0.0	0.06666666666666667	0.15384615384615385	0.16666666666666666	0.0	0.0015	0.0015	0.0	0.125	0.0	0.0015	0.0	0.16666666666666666	0.0	0.0	0.0	0.0	0.0	0.0	0.0	0.0	0.0	0.0	0.0	0.0	0.0	0.0	0.0	0.0	0.0	
blackbird sp.	0.0	0.0	0.0	0.0	0.0	0.0	0.0	0.0	0.0	0.0	0.0	0.0	0.0	0.0	0.0	0.0	0.0	0.0	0.0	0.0	0.0	0.0	0.0	0.0	0.0	0.0	0.0	0.0	0.0	0.0	0.0	0.0	0.0	0.0	0.0	0.0	0.0	0.0	0.0	0.0	0.0	0.0	0.0	0.0	0.5	0.0	0.2	0.0	
House Finch	0.46153846153846156	0.5	1.0	0.2857142857142857	0.25	0.2857142857142857	0.3157894736842105	0.35714285714285715	0.2857142857142857	0.3333333333333333	0.2222222222222222	0.11764705882352941	0.0015	0.09090909090909091	0.5	0.14285714285714285	0.375	0.5714285714285714	0.6	0.3333333333333333	0.3076923076923077	0.0015	0.2857142857142857	0.25	0.42857142857142855	0.5	0.375	0.125	0.09090909090909091	0.3333333333333333	0.16666666666666666	0.3333333333333333	0.16666666666666666	0.25	0.2	0.42857142857142855	0.14285714285714285	0.0	0.0	0.2857142857142857	0.0	0.25	1.0	0.3333333333333333	0.5	1.0	0.6	0.25	
Purple Finch	0.0	0.0	0.0	0.21428571428571427	0.0	0.0	0.0	0.07142857142857142	0.0	0.0	0.05555555555555555	0.0	0.0	0.0	0.0	0.0	0.0	0.07142857142857142	0.0	0.0	0.0	0.0	0.0	0.0	0.0	0.0	0.0	0.0	0.0	0.0	0.0	0.0	0.0	0.0	0.0	0.0	0.0	0.0	0.0	0.0	0.0	0.0015	0.0	0.16666666666666666	0.0	0.0015	0.2	0.0015	
Pine Siskin	0.0	0.0	0.0	0.0	0.0	0.0	0.0	0.0	0.0	0.0	0.0	0.0	0.0	0.0	0.0	0.0	0.0	0.0	0.0	0.0	0.0	0.0	0.0	0.0	0.0	0.0	0.0	0.0	0.0	0.0	0.0	0.0	0.0	0.0	0.0	0.0	0.0	0.0	0.0	0.0	0.0015	0.0	0.0	0.0015	0.0	0.0	0.0	0.0	
American Goldfinch	0.7692307692307693	0.5	1.0	0.5	0.0	0.2857142857142857	0.5789473684210527	0.5	0.2857142857142857	0.2222222222222222	0.2777777777777778	0.11764705882352941	0.5	0.18181818181818182	0.3333333333333333	0.5	0.375	0.5714285714285714	0.2	0.26666666666666666	0.6153846153846154	0.6666666666666666	0.5714285714285714	0.5	0.2857142857142857	1.0	0.75	0.375	0.36363636363636365	0.4444444444444444	0.8333333333333334	0.16666666666666666	0.3333333333333333	1.0	0.2	0.7142857142857143	0.2857142857142857	0.6666666666666666	0.2222222222222222	0.0015	0.0015	0.5	1.0	0.3333333333333333	1.0	1.0	0.6	0.75	
Evening Grosbeak	0.0	0.0	0.0	0.0	0.0	0.0	0.0	0.0	0.0	0.0	0.0	0.0	0.0	0.0	0.0	0.0	0.0	0.0	0.0	0.0	0.0	0.0	0.0	0.0	0.0	0.0	0.0	0.0	0.0	0.0	0.0	0.0	0.0	0.0	0.0	0.0	0.0	0.0015	0.0	0.0	0.0	0.0	0.0	0.0	0.0	0.0	0.0	0.0	
House Sparrow	0.23076923076923078	0.0	0.0015	0.0015	0.0	0.0015	0.3684210526315789	0.21428571428571427	0.42857142857142855	0.3333333333333333	0.16666666666666666	0.0015	0.0015	0.18181818181818182	0.16666666666666666	0.07142857142857142	0.3125	0.35714285714285715	0.2	0.26666666666666666	0.23076923076923078	0.3333333333333333	0.14285714285714285	0.0015	0.14285714285714285	0.0	0.375	0.25	0.18181818181818182	0.2222222222222222	0.3333333333333333	0.0	0.0015	0.0	0.0	0.14285714285714285	0.0	0.0	0.0	0.14285714285714285	0.0	0.0	0.0	0.16666666666666666	0.5	0.0	0.4	0.25	

